1000.000000 8 20 
e 0 7 276.327320 41.882574 
e 1 5 451.161261 44.672822 
e 2 2 213.600576 31.882415 
e 3 3 301.892025 30.781826 
e 4 1 217.106968 35.900553 
e 5 3 394.483536 43.359610 
e 6 0 396.964324 57.706369 
e 7 0 295.704725 30.141771 
e 8 1 269.683612 32.712559 
e 9 0 291.875005 37.351768 
e 10 1 445.364885 34.483602 
e 11 0 209.692294 30.934877 
e 12 5 356.724614 73.826630 
e 13 5 230.971846 35.213946 
e 14 0 356.884080 58.432243 
e 15 4 205.416479 34.523451 
e 16 5 256.801407 60.301259 
e 17 0 377.415628 65.862274 
e 18 1 211.179359 36.681148 
e 19 3 510.604186 48.060120 
e 0 5 6 7 
e 1 3 6 
e 2 
e 3 1 4 
e 4 3 
e 5 0 
e 6 0 1 
e 7 0 
f