abasers aardwolf 1 2 
 abasers abduction 1 2 
 abaft abducting 3 
 abbreviations abases 2 
 abalone abashing 1 2 5 7 14 20 38 39 40 
 abator abator 1 2 3 4 5 6 
 abdicated abbotcy abacus 2 5 7 8 
 abbacies abbey 7 8 13 20 38 39 40 43 
 aah aahs abductions 1 2 3 5 7 38 39 40 42 43 45 
 abduct abattoir abator 1 2 5 20 35 38 39 40 43 45 47 
 abbey abashed 7 8 20 31 38 39 40 42 43 46 47 
 abasement abdicated 2 7 8 13 37 38 39 42 43 47 50 52 53 54 
 abbes abasing 1 5 7 8 17 38 39 40 42 43 45 46 47 49 50 51 52 53 55 
 abashing abbreviate 1 2 5 7 8 17 20 38 39 40 41 42 43 46 47 50 52 53 54 56 
 abdications abbesses 1 2 3 5 7 8 13 20 38 39 40 45 46 47 50 51 52 55 58 
 abdicate abandonments abbotcies 2 5 7 8 38 39 40 43 50 52 56 58 
 abatements abductions 1 2 3 5 6 7 8 38 39 40 42 45 47 52 53 55 56 58 
 abaft abduct 1 2 5 6 38 39 40 43 45 47 50 51 52 53 55 58 
 abased abalone abash 1 2 5 6 7 20 36 38 40 43 47 50 51 52 53 54 55 56 58 59 62 63 
 abdomen abbreviator 1 2 5 7 35 36 38 40 43 44 45 46 47 50 51 52 53 54 55 56 58 59 62 63 64 
 abalones abasedly 8 16 20 38 39 40 42 43 44 45 47 50 52 53 56 58 59 61 63 64 
 abdication abbess 2 7 13 35 38 39 40 44 45 47 51 52 53 56 59 62 63 64 65 
 abalones abandoning abbesses abbotships 2 7 13 20 40 45 47 50 56 58 59 63 65 
 ab abducting abasers 5 7 8 38 43 47 50 51 52 53 54 55 56 59 60 62 63 64 65 
 aardvarks abdicates 2 3 5 7 14 17 28 38 39 40 43 44 45 46 47 51 52 53 54 55 56 57 58 59 62 63 64 65 66 67 69 72 
 abatement abacuses 1 2 6 7 8 20 29 35 38 39 40 42 45 47 50 51 52 54 58 59 60 62 63 64 65 72 74 
 abbess abatises abashing 2 7 38 39 40 47 51 52 53 56 59 62 63 64 65 66 72 73 74 76 
 abbreviates aardvarks 2 3 5 6 8 14 38 39 40 43 45 46 47 50 51 52 53 54 56 58 59 60 62 63 64 65 66 67 69 72 73 74 77 78 
 abduction abc 1 2 3 5 7 8 23 38 39 40 43 44 45 47 50 52 53 54 55 56 58 59 61 62 63 64 65 67 69 70 72 73 74 75 77 78 79 80 
 abbr abbreviated 1 2 3 8 38 39 47 50 52 55 56 59 62 63 64 65 66 67 72 74 77 78 79 81 82 
 abacus abase 1 2 5 7 8 38 39 40 43 45 47 51 53 54 55 58 59 62 63 64 65 66 68 72 74 75 78 80 81 82 83 85 
 abbey abated 7 8 20 
 abbr abbotships 2 5 38 39 43 47 50 54 55 56 58 59 62 63 64 65 66 67 70 72 74 75 77 78 79 81 83 85 
 abacuses abbot 1 2 6 8 20 35 38 39 42 45 47 50 51 52 53 54 55 58 59 60 62 63 64 65 68 70 72 74 78 79 80 81 83 84 85 89 
 abaters abattoir 1 2 5 8 35 38 39 40 43 44 47 52 53 54 55 56 58 59 60 62 63 64 65 69 72 74 78 79 80 81 84 85 87 90 
 abdicable abated abatis 1 2 5 7 8 14 38 39 42 47 50 53 54 55 56 58 59 60 63 64 65 66 69 72 74 75 77 78 79 81 85 86 89 90 93 94 
 abasing abbesses 1 2 3 5 7 8 20 36 38 39 40 45 46 47 50 51 52 53 55 56 57 58 59 63 64 65 66 67 70 72 74 75 76 78 80 81 83 85 87 90 91 94 95 
 aardvark abbacies 2 5 7 8 13 20 28 38 39 40 43 45 47 50 52 54 55 57 58 59 61 62 65 69 70 72 74 75 78 79 80 81 82 84 85 86 87 90 91 93 94 95 97 98 100 101 102 104 107 108 109 110 
 abbreviate abandonee 2 5 7 8 13 20 38 39 40 41 42 43 46 47 50 52 53 54 55 56 59 62 63 64 65 72 73 74 75 77 78 79 80 81 85 90 91 93 94 97 98 99 100 102 104 105 107 109 110 
 ab abdominal 2 5 6 7 8 38 43 45 47 50 51 53 54 55 56 59 63 64 65 66 69 72 74 75 76 78 79 80 81 85 87 89 90 91 93 94 95 97 99 100 102 104 105 106 108 110 111 112 
 abductions abatises abandoned 2 3 5 6 7 8 16 20 28 38 39 40 42 43 47 51 52 53 54 56 58 62 63 64 65 66 72 74 75 78 79 81 82 85 94 95 98 99 104 105 106 108 109 110 111 112 113 
 abbotcies abased 1 2 5 6 7 8 15 20 30 36 38 40 43 45 47 50 52 55 56 58 59 62 63 64 65 72 74 75 77 78 79 80 81 82 83 85 87 90 91 93 94 95 98 104 105 106 107 108 109 110 112 113 114 
 abbrev abbreviators abdication 2 7 8 13 20 
 abbreviators abbreviation 2 3 5 7 8 20 38 39 40 43 45 46 47 50 52 53 54 55 56 58 59 61 64 65 66 69 72 74 75 78 79 80 83 85 90 91 94 95 97 99 101 102 104 105 106 107 108 109 110 111 112 113 114 115 
 abater abbacy abandoned 3 5 7 14 20 37 38 39 40 43 47 50 51 52 53 55 56 58 63 64 65 66 69 72 74 75 78 79 81 84 85 87 94 95 97 99 100 102 104 105 108 110 111 112 114 
 abbotships abalone 2 5 6 7 13 20 38 39 40 43 47 50 51 53 54 55 56 58 59 60 62 63 64 65 66 67 72 73 75 77 78 79 80 81 83 84 85 90 91 93 94 95 97 99 100 101 102 104 105 107 108 109 110 113 115 
 aahs abacus abates 1 2 5 7 38 39 43 54 55 56 58 59 63 64 65 67 72 74 75 78 80 81 82 85 87 88 90 91 93 94 95 97 98 99 100 101 102 104 105 106 108 109 110 111 113 114 116 117 
 abbotships a 2 5 7 13 20 32 38 39 40 43 47 50 51 53 54 55 56 58 59 60 62 63 64 65 66 67 72 74 75 77 78 81 83 84 85 87 90 91 93 95 97 98 99 100 101 102 104 105 108 109 110 114 115 118 
 abdicator abacus 1 2 5 7 8 38 39 40 43 47 51 53 54 55 56 58 59 62 63 64 65 67 72 74 78 80 81 82 83 84 85 87 89 90 91 94 95 97 98 101 102 104 105 106 108 109 110 112 113 114 116 117 118 
 abandoning abandonedly 2 5 7 8 13 20 
 abalones abatis 2 7 8 13 32 38 39 42 43 44 46 47 50 53 56 58 59 63 64 65 67 72 74 75 76 78 79 82 84 85 86 87 89 90 91 93 94 95 97 98 99 102 104 105 106 107 108 109 110 111 113 115 117 
 abbreviators abbess 2 7 13 38 39 40 45 47 50 52 53 55 56 59 62 64 65 66 69 72 74 77 78 79 82 85 89 90 91 93 94 95 97 98 99 100 102 104 105 106 107 108 109 110 112 114 115 117 118 120 
 abbreviate abates 1 2 5 7 
 a abashing 1 2 3 5 7 14 20 38 39 40 42 43 47 50 51 53 54 56 
 abaters abdomen aardvark 2 5 7 8 38 39 40 42 43 47 50 52 53 54 55 58 59 62 64 65 72 74 77 78 79 80 81 84 85 87 90 91 93 94 95 98 101 102 104 108 109 110 111 114 116 117 120 121 
 abbreviators abbr 2 3 5 8 38 39 41 43 47 50 52 54 55 56 57 58 59 61 62 64 65 66 69 70 72 74 75 77 78 79 82 83 85 86 89 90 91 93 94 95 97 98 99 100 101 102 104 105 107 108 109 110 111 112 113 114 115 117 118 120 121 124 
 abandonee abandons 2 3 5 7 8 13 16 38 39 41 42 43 49 50 52 54 55 56 57 58 59 60 62 63 64 
 abbotcy aardvarks abashes 2 3 5 7 8 14 38 39 43 45 47 50 51 52 55 56 58 59 63 64 65 69 72 74 75 77 78 79 80 81 85 87 90 93 94 95 97 98 101 102 104 105 107 108 109 110 111 112 113 115 116 120 121 123 125 126 
 abasement abandoning 2 7 8 13 35 37 42 43 44 45 47 50 51 52 54 56 58 59 61 62 63 65 67 69 72 74 75 78 79 81 83 85 86 90 91 93 95 97 98 99 101 102 104 105 106 107 109 110 113 115 117 126 128 
 abasedly abbacies 5 8 20 28 38 39 40 43 44 45 47 50 52 54 55 58 59 60 61 62 63 65 70 72 73 74 75 78 79 80 81 82 83 85 86 87 88 90 91 93 94 95 97 98 99 100 101 102 104 105 107 108 109 110 112 113 114 115 117 118 120 123 124 125 126 128 130 
 abduction abandonment 1 2 3 5 7 8 38 39 40 43 44 45 47 50 51 52 53 54 55 58 59 61 62 63 64 65 66 67 69 70 72 
 abbotcies abandonment abducted abasement 2 7 8 38 39 45 47 50 52 58 59 64 65 70 72 
 abaci abatable aahs abashedly 2 5 7 13 38 39 40 43 47 52 55 56 58 59 63 64 65 66 72 74 75 78 79 81 82 85 90 91 94 95 97 98 100 102 104 105 106 107 108 109 110 111 113 114 116 118 121 126 130 132 
 abash abbreviate 1 2 5 7 8 
 abandons abbots 1 2 3 5 7 37 38 39 41 43 50 51 54 55 56 59 62 63 64 65 68 69 70 72 74 78 79 80 81 82 85 90 91 93 94 95 97 98 99 101 102 104 107 108 109 110 111 112 113 115 116 117 118 120 121 125 126 131 133 135 
 abbott abdicator 1 2 3 5 7 8 10 14 32 38 39 40 42 43 44 47 49 50 52 53 56 58 59 62 63 64 65 67 69 70 72 74 77 78 79 80 81 83 84 85 87 89 90 94 95 97 98 101 102 104 105 106 107 108 109 110 112 113 116 117 118 121 124 126 127 130 132 
 abbots abbey 3 7 38 39 40 43 47 54 56 59 62 63 64 65 67 68 69 72 78 79 80 81 82 85 90 91 94 95 97 98 99 101 104 107 108 109 110 111 112 113 114 115 116 117 120 124 125 126 130 131 133 136 
 abash abashed abdicable 2 5 6 7 8 
 abbotcy abbotcy 1 2 3 5 7 8 10 12 13 14 18 20 22 33 37 38 39 40 42 43 44 45 46 47 48 50 51 52 54 55 56 58 59 62 63 64 65 69 70 72 74 75 77 78 79 80 81 82 83 85 86 87 89 90 92 93 94 95 97 98 100 101 102 104 105 106 107 108 109 110 111 112 113 114 115 116 117 120 121 123 124 125 126 127 128 131 132 133 134 135 136 138 
 abbreviated abbreviations 2 7 8 14 38 39 40 45 47 49 50 51 52 53 55 56 59 63 64 65 67 72 74 77 78 79 
 abacuses abasedly 1 8 20 35 38 39 40 42 45 47 50 51 52 53 54 55 58 59 60 62 63 64 65 70 72 74 78 79 80 81 
 aahed abbreviated 1 2 3 6 7 8 38 39 40 45 46 47 48 50 52 53 55 56 59 60 62 63 64 65 67 72 74 77 78 79 81 83 85 87 88 90 91 93 94 95 97 98 99 101 102 104 106 108 110 111 112 114 118 120 123 126 127 128 129 130 131 132 133 135 139 140 141 
 abashed abashment abandonee 2 5 7 8 20 38 39 41 42 43 46 47 50 52 53 55 56 58 59 62 63 64 65 67 69 72 77 78 79 80 81 85 90 91 93 94 97 98 99 100 101 102 104 105 107 109 110 112 113 117 118 120 121 123 124 125 126 128 132 135 140 141 
 abandons abashing abate abdications 1 2 3 5 7 8 38 39 42 43 50 51 52 59 60 62 63 64 65 66 72 74 78 80 82 83 85 89 90 91 94 95 97 98 100 101 102 104 106 109 110 115 117 118 120 121 126 135 136 
 abbreviations abduction abdominal 2 5 7 8 20 38 39 40 43 45 47 50 51 53 54 55 56 58 59 63 64 65 69 70 72 73 74 75 78 79 80 81 
 abash abbey 3 7 8 20 38 39 40 43 47 52 53 54 56 59 62 63 64 65 66 67 68 69 72 79 80 81 82 83 85 
 abbott abdications 1 2 3 5 6 7 8 14 20 37 38 39 40 42 43 44 45 47 49 50 52 58 59 62 63 64 65 66 67 72 74 75 77 78 79 80 83 84 85 86 87 89 90 94 95 97 98 100 101 102 104 105 106 107 108 109 110 111 113 115 117 118 121 124 126 127 131 132 135 136 141 143 148 
 abduct abandoners aah 1 2 5 38 39 43 45 47 50 51 52 54 55 58 59 62 63 64 65 66 69 72 74 78 79 81 85 87 89 91 93 94 97 98 99 102 104 105 106 107 108 110 111 113 115 121 123 125 126 128 129 135 136 139 140 141 143 144 149 
 abducted abbacy 1 2 3 5 7 8 14 20 37 38 39 40 45 46 47 48 50 51 52 53 55 56 58 59 60 64 65 69 72 74 78 79 80 81 82 85 86 87 90 94 95 97 98 99 100 102 104 105 107 108 110 111 112 113 114 116 117 120 121 124 125 126 131 132 133 142 143 144 145 146 149 
 abbreviated abandonee abaser 2 8 16 38 39 40 46 47 49 50 52 53 55 56 59 60 62 63 64 65 67 72 74 78 79 81 83 85 90 91 93 94 97 98 99 101 102 104 107 110 114 115 118 120 121 123 124 125 126 127 128 132 133 135 140 141 148 150 
 abandonedly aardvark 2 5 7 8 13 20 38 39 40 42 47 50 52 53 54 55 58 59 62 64 65 66 69 70 72 74 75 77 78 79 80 81 82 84 85 87 90 91 93 94 95 97 98 102 104 107 109 110 111 112 113 114 115 116 117 118 120 121 125 126 127 130 131 132 135 136 141 143 145 149 150 
 abductions abator abdomens 5 6 7 20 39 42 43 47 50 51 52 53 55 56 58 59 62 63 64 65 72 74 75 77 78 79 80 81 82 83 85 86 91 93 94 95 98 99 100 101 104 105 108 109 110 111 112 113 115 118 120 124 125 126 130 135 136 139 140 144 148 149 152 
 abbr abdicates abalone 1 2 5 38 39 43 47 52 54 55 56 58 59 62 63 64 65 66 67 69 72 75 78 79 81 83 85 90 91 94 95 97 99 101 102 104 105 107 108 109 110 118 120 123 126 128 133 136 140 142 143 144 148 149 150 152 
 abacuses abated 1 2 6 7 8 20 
 abbess abasing abatement 2 7 38 39 40 44 45 47 50 51 52 56 59 63 64 65 69 72 74 78 81 85 87 89 90 91 94 95 98 99 104 107 108 109 110 112 114 115 116 118 123 126 128 133 141 144 145 147 152 
 abducting abbeys aahing abaters 5 7 38 39 40 42 43 47 52 54 58 59 63 64 65 72 74 77 78 81 84 85 90 91 93 95 97 98 100 102 104 106 108 109 110 112 113 114 117 118 121 125 128 135 140 141 144 148 
 abasedly abbreviate abbr 1 5 8 38 39 43 44 47 50 52 54 55 56 59 62 63 64 65 72 74 75 77 78 79 81 82 85 87 90 91 93 94 95 97 98 99 100 102 104 105 107 108 109 110 112 113 114 115 117 118 120 123 124 126 133 136 139 140 143 145 147 148 149 153 154 156 
 abbotships abdomen abbotcies 2 5 7 38 39 40 43 45 47 50 55 56 58 59 62 63 64 65 68 70 72 74 76 77 78 79 80 81 85 87 90 91 93 94 95 
 abatis abbreviating 2 3 5 7 8 13 38 39 42 43 46 47 50 51 53 54 55 56 58 59 60 63 64 65 66 69 72 74 75 76 77 78 79 81 84 85 89 90 91 94 95 97 98 99 102 104 105 107 108 109 110 111 112 113 114 117 118 121 123 124 125 126 127 128 132 134 135 136 137 140 141 142 143 144 148 150 152 153 155 156 157 158 161 162 164 
 abasers abbacy 1 2 5 7 8 20 37 38 39 40 43 44 46 47 49 50 51 52 53 55 56 58 59 60 63 64 65 66 69 72 74 75 76 78 80 81 82 83 85 87 90 94 95 97 98 99 100 102 104 105 107 108 109 110 111 113 114 115 117 120 121 124 125 126 127 130 132 136 142 143 144 145 146 148 149 152 153 154 156 158 160 161 162 163 164 165 
 aback abaci abbey 3 7 8 13 20 
 abdomens abc abbotcies 5 6 7 8 39 43 46 47 50 52 55 56 58 59 62 63 64 65 67 70 72 74 75 77 78 79 80 81 82 83 85 87 91 94 95 98 
 aardwolf abandon 1 2 6 7 8 38 39 40 42 45 47 50 52 54 55 56 58 59 61 62 63 64 65 69 70 72 74 78 79 80 81 85 87 89 90 91 93 94 95 97 98 100 102 104 
 abbreviation abator abbotcies 1 2 5 7 20 38 39 40 43 45 46 47 50 52 55 56 58 59 61 63 64 65 67 72 74 75 78 79 80 81 83 85 87 90 91 94 95 104 
 abandonee abdominal 2 5 7 8 13 20 38 39 40 42 43 46 47 50 53 54 55 56 58 59 63 64 65 66 69 72 73 74 75 78 79 80 81 85 90 91 93 94 97 98 99 100 102 104 105 
 abdicate abator 2 5 7 35 38 39 40 43 45 46 50 52 53 54 56 58 59 61 62 63 64 65 66 69 70 72 74 75 77 78 79 80 81 82 85 86 87 90 91 93 94 95 97 98 99 100 101 102 104 
 aah abbot 1 2 5 14 16 36 38 39 42 43 44 45 47 48 49 50 51 52 53 54 55 58 59 62 63 64 65 72 74 75 77 78 79 80 81 83 85 87 89 90 91 93 94 95 97 98 102 104 105 106 107 108 
 abasing abashment abbotships 2 5 7 20 38 39 43 45 47 50 51 53 55 56 58 59 60 63 64 65 67 70 72 74 75 76 78 80 81 83 85 87 90 91 94 95 98 99 102 103 104 105 107 108 
 abbotcies abbot 1 2 5 6 8 20 30 36 38 39 43 45 46 47 50 52 55 56 58 59 62 63 64 65 68 70 72 74 75 76 77 78 79 80 81 83 85 87 90 91 93 94 95 98 100 104 105 106 107 108 109 110 
 abashedly abductions 2 5 7 13 20 
 abbreviator abc abatises 2 5 7 38 40 43 44 47 52 53 54 56 58 59 62 63 64 65 69 72 74 75 78 79 80 81 83 84 85 87 90 91 94 95 97 98 99 104 105 108 109 110 111 113 
 aardwolf aah 1 2 7 38 
 abased abaser abbess 2 
 abbey abducting 3 7 8 38 39 40 42 43 47 
 abandonments abbot 2 5 6 8 14 20 38 
 abbatial abbotcies 2 5 7 38 39 40 45 46 47 50 52 55 56 58 59 62 63 64 65 67 68 72 73 74 75 77 78 79 81 82 83 85 87 90 91 93 94 95 98 100 104 105 106 107 108 109 110 113 115 118 
 abated abattoirs abbreviators 2 5 6 7 8 
 abducted abator 1 2 3 4 5 7 14 20 34 38 39 40 42 45 46 47 50 51 52 53 54 55 56 58 59 60 64 65 69 70 72 74 78 79 80 81 82 85 86 87 88 90 91 93 94 95 97 98 99 100 101 102 104 105 107 108 110 111 112 113 114 117 118 119 120 124 125 
 abacus abbott 1 2 5 7 8 38 39 40 43 45 47 53 56 58 59 62 63 64 65 66 67 68 72 73 74 75 78 80 81 83 84 85 87 89 90 94 95 97 98 100 101 102 104 105 106 108 109 110 111 112 113 115 116 117 118 121 124 125 
 abashedly abbotship 2 5 7 32 38 40 42 43 47 50 52 53 55 56 58 59 60 61 63 
 abatis abbr abdomen 1 2 5 8 38 39 43 44 47 50 54 55 56 58 59 63 64 65 72 74 77 78 79 81 82 85 87 89 90 91 93 94 95 98 99 102 104 105 107 108 109 110 111 114 115 117 121 124 126 
 abbeys abbreviating 2 3 5 7 13 38 39 40 42 43 46 47 51 52 54 56 58 59 63 64 65 66 72 74 76 77 78 79 81 84 85 88 90 91 94 95 97 98 100 101 102 104 105 107 108 109 110 112 113 114 116 117 118 120 121 123 124 125 126 127 
 abatis abdicating 1 2 3 7 8 
 abdominal abator abandons 2 5 7 38 39 42 43 45 50 51 54 55 56 58 59 63 64 
 aardvarks abaft 2 3 5 6 14 38 39 40 43 45 47 50 51 52 53 55 56 58 63 64 
 aahing abashing abashed 2 5 7 8 38 39 40 41 42 43 47 50 51 52 54 59 62 63 64 65 72 77 78 81 85 87 90 91 93 94 95 97 98 100 101 102 104 105 106 107 108 109 110 112 113 114 117 118 121 123 125 128 130 
 abacuses abases 2 7 8 
 abdomen abdomens abaci 5 7 8 35 39 43 46 47 51 52 55 56 58 59 62 63 64 65 68 70 72 74 77 78 79 80 81 82 85 91 93 94 95 98 99 102 104 105 107 108 109 110 111 114 120 124 126 127 130 
 abbott abash abaser 2 5 8 20 38 39 40 43 45 47 50 52 53 56 58 59 62 63 64 65 67 68 72 74 79 80 81 83 85 89 90 94 95 98 101 102 104 105 107 108 110 111 113 115 118 121 124 125 126 127 130 132 135 
 abatises abdicating abdomens abatises 7 8 
 abbots a 1 2 3 5 7 35 38 39 40 43 47 50 51 54 55 56 59 62 63 64 65 67 69 72 74 75 78 
 abdomen abandoning 2 5 7 8 
 abbots aardvark 2 3 5 7 9 37 38 39 40 43 47 50 51 54 55 59 62 64 65 69 70 72 74 75 78 79 80 81 82 85 90 91 93 94 95 97 98 101 102 104 107 108 109 110 111 112 113 114 115 116 117 118 120 121 125 126 130 131 135 136 141 
 abash abatises 2 3 5 6 7 8 20 26 28 35 38 39 40 43 47 51 52 53 54 56 58 59 62 63 64 65 66 67 69 72 74 76 
 abandons abandon abandoned 1 2 3 5 7 8 16 37 38 39 42 43 45 50 52 54 55 56 57 58 62 63 64 65 69 70 72 74 78 79 81 85 87 94 95 97 98 100 102 104 106 108 109 110 111 112 113 117 118 120 125 126 128 131 133 135 136 139 141 
 a abatises 2 3 5 7 20 26 35 38 39 40 42 43 47 51 53 54 56 58 59 62 63 64 65 66 67 69 72 74 75 78 81 82 83 84 85 87 89 90 91 93 95 97 98 99 104 105 108 109 110 114 115 116 118 120 124 125 126 127 128 129 135 136 138 140 
 abatable abatable 1 2 3 5 6 7 8 13 14 20 
 abdication aah 2 3 7 
 abdicable abdication aahs 2 7 8 38 39 42 45 47 52 54 56 58 59 60 63 64 65 66 67 72 74 75 78 80 81 89 90 93 94 95 97 98 99 102 104 105 106 108 109 110 113 114 121 124 125 126 128 130 131 132 135 141 143 145 
 abalone abbotship 1 2 5 7 14 38 40 42 43 47 50 51 52 53 54 55 56 58 59 60 61 63 64 65 66 67 69 72 73 75 78 79 81 83 85 88 89 90 91 93 94 95 97 100 101 102 104 105 106 107 108 109 110 112 113 115 116 117 120 123 125 126 128 129 132 133 139 140 144 145 148 
 abbess abattoir 2 14 
 abbott abducting 3 5 7 8 38 39 40 42 43 44 45 47 49 50 52 53 56 58 59 62 63 64 65 68 69 72 74 77 78 80 81 84 85 
 aardwolf abbreviation 1 2 7 8 24 38 39 40 45 46 47 50 51 52 54 55 56 58 59 61 63 64 65 66 67 69 72 74 76 78 79 80 81 83 85 87 88 90 
 abates abdicable abbess 2 7 38 39 50 52 53 55 56 59 62 63 64 65 67 69 72 74 77 78 79 81 82 85 90 
 abbacy abbesses abasing 1 2 3 5 7 8 20 38 39 40 45 46 47 50 51 52 53 55 56 58 59 63 64 65 66 72 74 75 76 78 80 81 83 85 87 90 94 95 98 104 105 107 108 110 112 113 115 117 120 121 126 138 144 145 151 153 154 155 156 
 aahs aardwolf 1 2 7 8 
 abatable abducted 1 2 3 5 7 8 13 14 20 
 abashes abacuses 1 2 6 7 8 20 29 35 37 38 39 42 45 47 50 51 52 53 55 58 59 63 64 65 67 68 72 74 78 79 80 81 83 85 90 93 95 97 
 abacus abdicates abated abaci 1 2 5 7 38 39 40 43 45 47 54 55 56 58 59 62 63 64 65 66 72 74 75 78 80 81 83 85 90 91 94 95 97 98 99 102 104 105 106 108 109 110 114 116 118 120 121 123 124 126 133 136 140 141 142 144 148 149 152 153 158 160 161 162 
 