65.792111
67.000000

65.788111
67.000000

65.808112
66.000000

65.708106
66.000000

65.748109
66.000000

129.756109
130.000000

129.856115
130.000000

129.636101
130.000000

194.520157
195.000000

194.200136
195.000000

194.788173
196.000000

133.820363
134.000000

133.396336
134.000000

133.556346
134.000000

267.824737
269.000000

268.232763
269.000000

268.160759
269.000000

397.512842
400.000000

397.376834
400.000000

397.728856
398.000000

258.436150
258.000000

258.404149
259.000000

258.652165
259.000000

515.432212
517.000000

515.696228
517.000000

515.700229
518.000000

774.004371
776.000000

772.284264
772.000000

771.692227
773.000000
