500.000000 100 100
0 99 276.327320 41.882574
1 74 451.161261 44.672822
2 31 213.600576 31.882415
3 39 301.892025 30.781826
4 19 217.106968 35.900553
5 49 394.483536 43.359610
6 6 396.964324 57.706369
7 9 295.704725 30.141771
8 20 269.683612 32.712559
9 8 291.875005 37.351768
10 14 445.364885 34.483602
11 4 209.692294 30.934877
12 74 356.724614 73.826630
13 67 230.971846 35.213946
14 9 356.884080 58.432243
15 62 205.416479 34.523451
16 74 256.801407 60.301259
17 4 377.415628 65.862274
18 14 211.179359 36.681148
19 38 510.604186 48.060120
20 55 333.377925 42.462044
21 12 256.304996 36.086204
22 66 347.335040 40.059130
23 86 206.949407 45.979649
24 17 354.470768 30.781362
25 80 202.077629 45.027274
26 57 316.818582 53.140942
27 99 250.473589 31.591993
28 82 315.847974 39.813563
29 67 262.716771 60.499132
30 47 362.636472 55.347938
31 68 324.947622 45.479206
32 24 474.005923 30.225051
33 72 259.665019 96.768597
34 46 293.536962 35.444854
35 2 300.121049 51.003362
36 30 236.614829 57.079694
37 7 292.084886 73.236012
38 44 227.714786 40.315562
39 17 227.658806 37.898340
40 39 409.190238 49.107836
41 50 373.360920 67.548627
42 95 409.614028 34.988129
43 67 285.658666 39.418155
44 95 239.502238 30.084807
45 68 522.455730 37.421666
46 57 230.327461 56.456971
47 0 408.299676 37.649372
48 41 254.957084 36.503969
49 13 221.565855 33.617156
50 51 341.812609 48.184560
51 65 308.165926 64.535635
52 55 203.634795 53.738520
53 51 350.216375 35.719711
54 59 359.886169 32.000671
55 82 319.144126 37.913721
56 77 268.320429 36.236194
57 53 228.955246 39.102284
58 23 336.871843 38.376612
59 67 275.721550 86.527270
60 78 388.253182 54.810220
61 94 464.851567 60.273596
62 4 358.454613 56.782027
63 41 344.178827 30.379573
64 67 262.135135 47.611645
65 55 304.176547 43.474466
66 5 313.658432 36.224946
67 50 404.481167 57.208999
68 4 327.429732 50.031158
69 14 291.570729 36.430037
70 7 261.875098 51.658555
71 46 227.902047 49.840284
72 57 370.614357 42.250779
73 57 251.082451 49.140423
74 53 231.679254 47.293743
75 76 207.504567 37.970925
76 45 508.844541 42.740997
77 27 277.798830 58.347221
78 23 360.534766 30.208514
79 8 386.930219 34.236649
80 81 392.867089 56.552393
81 58 507.819408 47.623249
82 83 271.308756 40.420998
83 35 209.911135 40.915908
84 96 323.690635 69.811607
85 5 420.637855 43.066500
86 31 203.725878 32.581710
87 32 310.281843 45.051590
88 39 292.749001 35.984076
89 55 355.260385 43.255719
90 20 346.297974 45.170213
91 66 243.679328 35.963452
92 31 227.674692 44.556040
93 23 450.665312 59.216085
94 48 241.375649 37.432368
95 47 218.390464 80.129322
96 88 277.197104 52.206983
97 82 216.138336 32.986487
98 77 306.971771 44.624587
99 99 221.221617 39.150344
0 1 8 12 14 17 18 19 20 22 26 32 38 41 42 47 50 54 55 57 58 65 67 68 70 72 79 89 91 94 96 
1 0 4 7 9 12 16 17 19 28 29 34 37 40 49 50 51 55 58 60 63 74 76 79 81 83 84 91 92 93 
2 11 20 23 25 27 28 29 33 36 37 39 41 50 54 55 57 64 65 67 72 73 81 84 86 87 89 91 93 
3 4 17 19 32 34 36 37 38 43 44 48 49 51 55 63 66 69 71 76 78 83 84 89 
4 1 3 5 6 9 10 22 23 27 30 34 36 38 39 41 45 52 53 57 61 66 67 69 72 74 76 77 80 84 85 87 93 
5 4 7 9 10 16 17 22 25 26 28 29 35 41 43 50 53 54 62 65 69 70 80 83 84 88 92 93 94 96 97 98 
6 4 9 13 18 22 27 31 32 38 41 42 44 48 49 50 53 55 56 58 60 61 63 65 67 69 73 75 77 79 84 86 94 96 
7 1 5 8 12 15 16 25 28 30 34 35 43 44 48 51 62 64 67 69 70 73 74 89 90 91 93 94 95 96 
8 0 7 9 12 15 16 22 25 27 29 30 37 42 43 46 47 48 52 54 56 61 64 66 69 70 72 74 82 85 92 94 99 
9 1 4 5 6 8 12 13 17 18 21 25 34 36 43 45 46 50 51 52 54 64 65 66 68 72 73 74 80 82 84 85 88 89 90 95 97 98 
10 4 5 12 13 17 22 24 26 27 29 30 33 36 40 45 48 52 53 57 58 62 68 69 71 76 78 85 87 92 97 
11 2 21 22 26 32 33 34 46 47 49 56 58 62 65 67 69 78 80 83 85 88 89 90 92 93 97 99 
12 0 1 7 8 9 10 14 20 23 28 29 32 33 36 37 38 45 46 52 60 61 63 65 71 74 77 80 83 84 94 95 98 99 
13 6 9 10 16 21 24 26 29 32 36 38 40 46 48 49 52 58 60 65 67 83 93 
14 0 12 17 21 27 28 40 41 42 43 47 50 58 59 60 67 73 76 77 80 81 84 86 87 89 90 94 
15 7 8 16 20 24 25 33 35 36 37 38 44 45 47 53 55 58 59 61 65 66 71 72 84 87 88 90 95 
16 1 5 7 8 13 15 22 25 30 33 41 42 43 51 54 61 62 63 73 74 80 83 88 99 
17 0 1 3 5 9 10 14 22 25 27 28 29 32 36 37 41 44 45 46 52 55 58 64 65 66 69 70 73 76 78 88 91 
18 0 6 9 19 20 23 30 34 40 41 44 45 48 49 50 53 57 64 66 67 76 78 79 80 82 86 87 89 92 95 98 
19 0 1 3 18 21 26 27 31 33 34 35 36 38 41 42 49 51 55 56 57 59 60 61 66 67 68 69 72 75 79 85 86 92 
20 0 2 12 15 18 23 24 25 27 29 31 32 34 36 39 40 47 48 51 52 55 60 64 66 68 70 72 79 82 84 86 91 94 96 
21 9 11 13 14 19 23 30 32 34 35 40 42 51 52 63 65 67 69 72 73 77 79 85 86 88 92 99 
22 0 4 5 6 8 10 11 16 17 23 24 25 29 32 34 35 36 41 43 51 54 55 63 66 67 77 82 86 88 89 90 96 
23 2 4 12 18 20 21 22 27 28 31 32 34 39 45 48 49 53 57 60 62 63 70 73 76 80 85 86 88 90 92 95 96 97 98 
24 10 13 15 20 22 25 29 30 36 38 39 46 47 50 56 58 59 63 65 66 67 69 80 82 83 86 87 89 90 91 92 93 99 
25 2 5 7 8 9 15 16 17 20 22 24 26 28 34 38 47 51 59 68 78 83 99 
26 0 5 10 11 13 19 25 29 30 34 35 42 45 46 50 54 56 64 66 73 78 83 87 89 92 95 96 
27 2 4 6 8 10 14 17 19 20 23 28 31 35 39 41 44 46 47 48 50 54 58 64 65 77 80 84 87 96 
28 1 2 5 7 12 14 17 23 25 27 29 30 33 34 39 44 48 53 54 56 60 63 65 72 75 83 94 98 
29 1 2 5 8 10 12 13 17 20 22 24 26 28 31 32 35 36 37 38 40 43 45 47 52 53 54 60 76 78 80 83 91 93 
30 4 7 8 10 16 18 21 24 26 28 35 36 37 41 46 50 52 53 54 55 58 59 60 62 65 69 75 85 90 91 92 
31 6 19 20 23 27 29 33 34 35 45 46 47 48 50 52 58 63 65 69 82 92 93 96 97 
32 0 3 6 11 12 13 17 20 21 22 23 29 33 40 46 51 53 57 59 60 66 71 77 78 79 81 83 87 88 89 92 98 99 
33 2 10 11 12 15 16 19 28 31 32 34 40 45 47 52 54 57 59 62 65 66 67 72 73 79 85 87 93 95 97 99 
34 1 3 4 7 9 11 18 19 20 21 22 23 25 26 28 31 33 40 46 50 52 54 58 67 68 73 75 76 77 78 80 87 88 94 95 98 
35 5 7 15 19 21 22 26 27 29 30 31 37 40 41 44 48 64 65 68 72 76 83 85 87 89 93 94 96 
36 2 3 4 9 10 12 13 15 17 19 20 22 24 29 30 48 49 53 54 61 62 63 66 67 70 75 76 77 84 85 86 90 92 94 98 
37 1 2 3 8 12 15 17 29 30 35 39 47 49 52 54 60 64 76 78 79 88 89 90 91 94 97 
38 0 3 4 6 12 13 15 19 24 25 29 46 47 49 62 70 73 89 90 91 93 94 95 96 
39 2 4 20 23 24 27 28 37 41 46 48 50 51 53 56 61 64 69 72 75 76 82 93 95 
40 1 10 13 14 18 20 21 29 32 33 34 35 43 44 47 48 51 52 54 55 57 60 67 71 74 75 92 95 97 98 
41 0 2 4 5 6 14 16 17 18 19 22 27 30 35 39 42 48 49 50 54 58 62 63 66 68 69 73 75 85 87 88 89 92 94 99 
42 0 6 8 14 16 19 21 26 41 43 46 53 60 61 62 66 76 79 87 88 91 95 96 98 
43 3 5 7 8 9 14 16 22 29 40 42 44 48 50 57 59 63 67 74 75 76 78 81 86 87 89 98 
44 3 6 7 15 17 18 27 28 35 40 43 48 49 52 53 57 59 65 67 74 77 79 80 81 82 88 99 
45 4 9 10 12 15 17 18 23 26 29 31 33 46 47 56 58 59 60 61 62 63 64 66 67 71 72 74 75 76 77 80 84 91 92 94 
46 8 9 11 12 13 17 24 26 27 30 31 32 34 38 39 42 45 48 49 51 52 58 61 62 63 65 67 68 69 71 72 
47 0 8 11 14 15 20 24 25 27 29 31 33 37 38 40 45 49 52 53 58 61 65 74 84 89 92 93 98 
48 3 6 7 8 10 13 18 20 23 27 28 31 35 36 39 40 41 43 44 46 53 56 59 60 62 66 70 75 82 88 90 92 93 98 99 
49 1 3 6 11 13 18 19 23 36 37 38 41 44 46 47 54 55 56 57 59 62 70 73 74 78 79 85 87 92 93 96 97 98 
50 0 1 2 5 6 9 14 18 24 26 27 30 31 34 39 41 43 51 54 57 58 59 60 62 67 71 72 74 78 81 82 88 90 96 98 
51 1 3 7 9 16 19 20 21 22 25 32 39 40 46 50 53 59 60 64 66 69 73 74 76 80 89 97 99 
52 4 8 9 10 12 13 17 20 21 29 30 31 33 34 37 40 44 46 47 54 55 57 63 64 65 68 70 71 73 76 86 87 88 93 
53 4 5 6 10 15 18 23 28 29 30 32 36 39 42 44 47 48 51 55 59 64 66 67 70 72 76 78 80 82 83 84 89 92 
54 0 2 5 8 9 16 22 26 27 28 29 30 33 34 36 37 40 41 49 50 52 60 61 62 65 67 72 83 84 85 86 88 90 95 98 99 
55 0 1 2 3 6 15 17 19 20 22 30 40 49 52 53 62 66 67 68 71 77 83 89 92 97 99 
56 6 8 11 19 24 26 28 39 45 48 49 58 62 63 67 70 71 76 78 83 85 90 92 95 98 
57 0 2 4 10 18 19 23 32 33 40 43 44 49 50 52 59 61 66 67 70 80 83 89 
58 0 1 6 10 11 13 14 15 17 24 27 30 31 34 41 45 46 47 50 56 63 67 72 75 82 89 92 93 94 
59 14 15 19 24 25 30 32 33 43 44 45 48 49 50 51 53 57 60 61 62 65 74 82 89 94 
60 1 6 12 13 14 19 20 23 28 29 30 32 37 40 42 45 48 50 51 54 59 61 62 64 66 67 69 70 77 79 81 88 89 91 92 93 96 
61 4 6 8 12 15 16 19 36 39 42 45 46 47 54 57 59 60 63 68 69 72 76 77 80 82 83 84 85 89 95 96 98 99 
62 5 7 10 11 16 23 30 33 36 38 41 42 45 46 48 49 50 54 55 56 59 60 64 65 66 67 68 70 75 77 79 87 88 93 98 
63 1 3 6 12 16 21 22 23 24 28 31 36 41 43 45 46 52 56 58 61 64 70 72 74 75 77 79 80 84 85 91 92 93 
64 2 7 8 9 17 18 20 26 27 35 37 39 45 51 52 53 60 62 63 65 67 73 81 83 84 85 86 88 92 98 
65 0 2 5 6 9 11 12 13 15 17 21 24 27 28 30 31 33 35 44 46 47 52 54 59 62 64 71 72 73 76 78 80 85 86 87 90 91 97 99 
66 3 4 8 9 15 17 18 19 20 22 24 26 32 33 36 41 42 45 48 51 53 55 57 60 62 72 74 78 79 81 83 87 90 95 97 
67 0 2 4 6 7 11 13 14 18 19 21 22 24 33 34 36 40 43 44 45 46 50 53 54 55 56 57 58 60 62 64 70 77 80 86 90 91 92 94 96 99 
68 0 9 10 19 20 25 34 35 41 46 52 55 61 62 70 71 79 81 82 84 88 89 93 96 99 
69 3 4 5 6 7 8 10 11 17 19 21 24 30 31 39 41 46 51 60 61 71 74 77 79 82 83 84 85 88 90 98 99 
70 0 5 7 8 17 20 23 36 38 48 49 52 53 56 57 60 62 63 67 68 72 73 77 80 87 88 95 
71 3 10 12 15 32 40 45 46 50 52 55 56 65 68 69 72 73 75 79 86 96 99 
72 0 2 4 8 9 15 19 20 21 28 33 35 39 45 46 50 53 54 58 61 63 65 66 70 71 77 78 81 96 98 
73 2 6 7 9 14 16 17 21 23 26 33 34 38 41 49 51 52 64 65 70 71 74 75 76 83 89 91 92 94 97 
74 1 4 7 8 9 12 16 40 43 44 45 47 49 50 51 59 63 66 69 73 77 78 82 83 88 90 93 
75 6 19 28 30 34 36 39 40 41 43 45 48 58 62 63 71 73 79 81 82 88 93 94 
76 1 3 4 10 14 17 18 23 29 34 35 36 37 39 42 43 45 51 52 53 56 61 65 73 82 84 86 88 89 91 92 
77 4 6 12 14 21 22 27 32 34 36 44 45 55 60 61 62 63 67 69 70 72 74 87 95 98 99 
78 3 10 11 17 18 25 26 29 32 34 37 43 49 50 53 56 65 66 72 74 79 80 82 88 89 90 95 96 
79 0 1 6 18 19 20 21 32 33 37 42 44 49 60 62 63 66 68 69 71 75 78 81 83 90 92 95 96 97 99 
80 4 5 9 11 12 14 16 18 23 24 27 29 34 44 45 51 53 57 61 63 65 67 70 78 87 92 93 95 96 97 
81 1 2 14 32 43 44 50 60 64 66 68 72 75 79 82 88 94 95 97 
82 8 9 18 20 22 24 31 39 44 48 50 53 58 59 61 68 69 74 75 76 78 81 92 
83 1 3 5 11 12 13 16 24 25 26 28 29 32 35 53 54 55 56 57 61 64 66 69 73 74 79 87 89 
84 1 2 3 4 5 6 9 12 14 15 20 27 36 45 47 53 54 61 63 64 68 69 76 85 88 91 95 97 98 99 
85 4 8 9 10 11 19 21 23 30 33 35 36 41 49 54 56 61 63 64 65 69 84 87 92 
86 2 6 14 18 19 20 21 22 23 24 36 43 52 54 64 65 67 71 76 87 98 
87 2 4 10 14 15 18 24 26 27 32 33 34 35 41 42 43 49 52 62 65 66 70 77 80 83 85 86 94 
88 5 9 11 15 16 17 21 22 23 32 34 37 41 42 44 48 50 52 54 60 62 64 68 69 70 74 75 76 78 81 84 91 96 99 
89 0 2 3 7 9 11 14 18 22 24 26 32 35 37 38 41 43 47 51 53 55 57 58 59 60 61 68 73 76 78 83 94 95 
90 7 9 11 14 15 22 23 24 30 36 37 38 48 50 54 56 65 66 67 69 74 78 79 97 99 
91 0 1 2 7 17 20 24 29 30 37 38 42 45 60 63 65 67 73 76 84 88 93 98 
92 1 5 8 10 11 18 19 21 23 24 26 30 31 32 36 40 41 45 47 48 49 53 55 56 58 60 63 64 67 73 76 79 80 82 85 94 95 96 98 
93 1 2 4 5 7 11 13 24 29 31 33 35 38 39 47 48 49 52 58 60 62 63 68 74 75 80 91 99 
94 0 5 6 7 8 12 14 20 28 34 35 36 37 38 41 45 58 59 67 73 75 81 87 89 92 96 97 98 
95 7 9 12 15 18 23 26 33 34 38 39 40 42 54 56 61 66 70 77 78 79 80 81 84 89 92 
96 0 5 6 7 20 22 23 26 27 31 35 38 42 49 50 60 61 67 68 71 72 78 79 80 88 92 94 98 
97 5 9 10 11 23 31 33 37 40 49 51 55 65 66 73 79 80 81 84 90 94 98 99 
98 5 9 12 18 23 28 32 34 36 40 42 43 47 48 49 50 54 56 61 62 64 69 72 77 84 86 91 92 94 96 97 
99 8 11 12 16 21 24 25 32 33 41 44 48 51 54 55 61 65 67 68 69 71 77 79 84 88 90 93 97 
