0.555385

0.562477

0.561615

0.562086

0.562237

0.562736

0.561761

0.561851

0.562757

0.562295

0.561451

0.563828

0.561645

0.561979

0.560743

0.562500

0.561978

0.561862

0.560350

0.562052

0.562614

0.561587

0.562514

0.562248

0.561547

0.561354

0.562385

0.561826

0.561701

0.561160

0.562404

0.563181

0.562304

0.562450

0.560634

0.563021

0.561221

0.562877

0.561594

0.561677

0.561673

0.560308

0.560982

0.563468

0.562260

0.562477

0.561208

0.561871

0.561097

0.561902

0.641058

0.641747

0.642306

0.644268

0.643161

0.642273

0.643871

0.643836

0.643379

0.643720

0.644955

0.649171

0.642461

0.645565

0.644478

0.642899

0.642885

0.643106

0.641260

0.643889

0.644283

0.644307

0.642562

0.645046

0.644173

0.641761

0.642969

0.643465

0.644527

0.641958

0.643409

0.643621

0.642363

0.643138

0.642414

0.645805

0.641902

0.644661

0.642092

0.643985

0.645008

0.643313

0.644983

0.645835

0.644887

0.644534

0.640079

0.643409

0.644145

0.642729

0.674976

0.672859

0.671239

0.669847

0.672296

0.670080

0.669473

0.672008

0.671555

0.671463

0.671977

0.675110

0.672681

0.672979

0.672135

0.670293

0.671776

0.673274

0.669451

0.674241

0.670539

0.671428

0.671085

0.671290

0.672028

0.671805

0.671548

0.670856

0.673209

0.672851

0.672536

0.673160

0.673103

0.671223

0.669925

0.673798

0.670911

0.674656

0.672177

0.673616

0.670815

0.670836

0.670754

0.674779

0.671387

0.672679

0.669374

0.672394

0.674718

0.671011

0.541196

0.540999

0.541529

0.540869

0.541478

0.541519

0.541086

0.540886

0.540916

0.540456

0.541183

0.541400

0.540794

0.541088

0.540681

0.541600

0.541434

0.540876

0.541088

0.540770

0.540396

0.541264

0.541388

0.540803

0.540776

0.541296

0.540730

0.541029

0.541300

0.540334

0.540660

0.541010

0.541496

0.541940

0.540343

0.541444

0.540980

0.541010

0.540967

0.541082

0.540995

0.541027

0.540969

0.541364

0.541221

0.541413

0.540904

0.541043

0.540807

0.541290

0.638478

0.642370

0.641780

0.641371

0.641865

0.644646

0.643809

0.641493

0.641552

0.641483

0.642600

0.640648

0.642030

0.641744

0.643166

0.642341

0.640708

0.642426

0.641586

0.640946

0.641662

0.642563

0.642779

0.639908

0.641822

0.640112

0.641987

0.642807

0.641797

0.641497

0.642025

0.642224

0.642447

0.642207

0.642566

0.642881

0.640809

0.641614

0.642123

0.644600

0.641032

0.641808

0.642194

0.642653

0.640380

0.641324

0.641244

0.642888

0.640613

0.642372

0.673273

0.674530

0.675732

0.674795

0.673544

0.677990

0.675349

0.673881

0.672764

0.674047

0.673071

0.674617

0.674464

0.673820

0.676005

0.676126

0.674611

0.674685

0.675074

0.675208

0.674503

0.675705

0.673785

0.672990

0.674286

0.673764

0.675053

0.674455

0.675185

0.674612

0.673535

0.673526

0.675490

0.674082

0.672623

0.676268

0.674226

0.674692

0.673269

0.677751

0.675093

0.674694

0.674143

0.675739

0.673214

0.673676

0.673908

0.674187

0.673734

0.674322

0.533249

0.534113

0.533931

0.534158

0.533679

0.533938

0.533693

0.534048

0.533806

0.533650

0.534277

0.533941

0.533851

0.533514

0.534030

0.533824

0.533829

0.533756

0.533946

0.533508

0.533683

0.534172

0.534321

0.533826

0.533753

0.533785

0.533749

0.533921

0.533901

0.534112

0.534220

0.533633

0.533927

0.533745

0.534143

0.533845

0.533985

0.533678

0.534416

0.533666

0.534236

0.533756

0.533982

0.534097

0.533830

0.534035

0.534205

0.534108

0.534181

0.533950

0.642303

0.641982

0.643170

0.644082

0.642555

0.641482

0.642060

0.641900

0.642352

0.642382

0.642329

0.642570

0.641003

0.642059

0.642290

0.641791

0.642615

0.642793

0.641030

0.641099

0.641828

0.642523

0.642367

0.643323

0.641209

0.640809

0.642821

0.641663

0.642037

0.641906

0.640877

0.641260

0.641877

0.642612

0.641457

0.642386

0.641640

0.640619

0.642249

0.642113

0.642614

0.641554

0.641607

0.643454

0.641704

0.640390

0.641894

0.644010

0.643259

0.641008

0.674519

0.673689

0.673788

0.675420

0.674430

0.674715

0.676335

0.674824

0.674804

0.674055

0.674937

0.674758

0.674491

0.675113

0.674325

0.674594

0.673553

0.673687

0.674357

0.673509

0.674476

0.674534

0.675071

0.675502

0.672895

0.673900

0.675829

0.673972

0.675352

0.674868

0.672269

0.674097

0.675114

0.674407

0.674364

0.674607

0.674986

0.672778

0.675006

0.674770

0.674908

0.674466

0.674624

0.675513

0.674745

0.674869

0.673060

0.675274

0.674400

0.674569

0.555385

0.562477

0.561615

0.562086

0.562237

0.562736

0.561761

0.561851

0.562757

0.562295

0.561451

0.563828

0.561645

0.561979

0.560743

0.562500

0.561978

0.561862

0.560350

0.562052

0.562614

0.561587

0.562514

0.562248

0.561547

0.561354

0.562385

0.561826

0.561701

0.561160

0.562404

0.563181

0.562304

0.562450

0.560634

0.563021

0.561221

0.562877

0.561594

0.561677

0.561673

0.560308

0.560982

0.563468

0.562260

0.562477

0.561208

0.561871

0.561097

0.561902

0.562428

0.562283

0.560914

0.561858

0.560924

0.563147

0.562196

0.562536

0.560939

0.560676

0.561554

0.561571

0.561883

0.561779

0.562489

0.562638

0.562801

0.563462

0.561387

0.560673

0.562326

0.562590

0.561766

0.561868

0.562180

0.561869

0.561014

0.562416

0.562950

0.560982

0.561451

0.562395

0.561399

0.562313

0.562401

0.561504

0.562469

0.562625

0.562970

0.561411

0.562758

0.561803

0.562961

0.560597

0.561494

0.562343

0.560835

0.562469

0.562698

0.561992

0.641058

0.641747

0.642306

0.644268

0.643161

0.642273

0.643871

0.643836

0.643379

0.643720

0.644955

0.649171

0.642461

0.645565

0.644478

0.642899

0.642885

0.643106

0.641260

0.643889

0.644283

0.644307

0.642562

0.645046

0.644173

0.641761

0.642969

0.643465

0.644527

0.641958

0.643409

0.643621

0.642363

0.643138

0.642414

0.645805

0.641902

0.644661

0.642092

0.643985

0.645008

0.643313

0.644983

0.645835

0.644887

0.644534

0.640079

0.643409

0.644145

0.642729

0.642578

0.642700

0.643077

0.644660

0.644590

0.642137

0.642969

0.643356

0.641463

0.643049

0.643285

0.643584

0.641626

0.642666

0.644642

0.642408

0.644222

0.643181

0.641424

0.642942

0.644380

0.644206

0.642064

0.642544

0.643482

0.643018

0.643680

0.646679

0.648028

0.645315

0.642530

0.642588

0.643326

0.642931

0.645015

0.643975

0.642625

0.643504

0.641984

0.640537

0.644879

0.640740

0.642183

0.641066

0.643821

0.643220

0.643064

0.644111

0.642858

0.645510

0.674976

0.672859

0.671239

0.669847

0.672296

0.670080

0.669473

0.672008

0.671555

0.671463

0.671977

0.675110

0.672681

0.672979

0.672135

0.670293

0.671776

0.673274

0.669451

0.674241

0.670539

0.671428

0.671085

0.671290

0.672028

0.671805

0.671548

0.670856

0.673209

0.672851

0.672536

0.673160

0.673103

0.671223

0.669925

0.673798

0.670911

0.674656

0.672177

0.673616

0.670815

0.670836

0.670754

0.674779

0.671387

0.672679

0.669374

0.672394

0.674718

0.671011

0.671231

0.669129

0.670223

0.672775

0.670294

0.672273

0.673273

0.673401

0.672462

0.672231

0.672430

0.671137

0.672926

0.671268

0.671749

0.668321

0.671946

0.671195

0.670381

0.672650

0.671835

0.673651

0.670638

0.668799

0.669595

0.673831

0.670692

0.673588

0.671563

0.671532

0.670007

0.672170

0.672392

0.671246

0.673103

0.671775

0.671549

0.674042

0.670702

0.669202

0.674013

0.672663

0.669581

0.670777

0.672492

0.671370

0.670967

0.674477

0.674895

0.670368

0.541196

0.540999

0.541529

0.540869

0.541478

0.541519

0.541086

0.540886

0.540916

0.540456

0.541183

0.541400

0.540794

0.541088

0.540681

0.541600

0.541434

0.540876

0.541088

0.540770

0.540396

0.541264

0.541388

0.540803

0.540776

0.541296

0.540730

0.541029

0.541300

0.540334

0.540660

0.541010

0.541496

0.541940

0.540343

0.541444

0.540980

0.541010

0.540967

0.541082

0.540995

0.541027

0.540969

0.541364

0.541221

0.541413

0.540904

0.541043

0.540807

0.541290

0.540741

0.541601

0.540911

0.540871

0.541134

0.541063

0.540789

0.541556

0.541390

0.540704

0.541610

0.540908

0.541047

0.540818

0.541513

0.541338

0.541066

0.541318

0.540987

0.541410

0.541605

0.541226

0.541315

0.541320

0.541184

0.541040

0.540695

0.541488

0.540263

0.541239

0.541640

0.541131

0.541088

0.541933

0.541205

0.541372

0.540813

0.541065

0.541442

0.541141

0.540803

0.540521

0.541568

0.540916

0.541249

0.541313

0.541256

0.540858

0.540971

0.540573

0.638478

0.642370

0.641780

0.641371

0.641865

0.644646

0.643809

0.641493

0.641552

0.641483

0.642600

0.640648

0.642030

0.641744

0.643166

0.642341

0.640708

0.642426

0.641586

0.640946

0.641662

0.642563

0.642779

0.639908

0.641822

0.640112

0.641987

0.642807

0.641797

0.641497

0.642025

0.642224

0.642447

0.642207

0.642566

0.642881

0.640809

0.641614

0.642123

0.644600

0.641032

0.641808

0.642194

0.642653

0.640380

0.641324

0.641244

0.642888

0.640613

0.642372

0.642849

0.642624

0.641787

0.642606

0.641919

0.640533

0.641235

0.642839

0.641327

0.642641

0.642655

0.642048

0.642326

0.641351

0.642080

0.642946

0.640897

0.642824

0.640296

0.641892

0.642187

0.642974

0.641666

0.642935

0.639839

0.641991

0.640605

0.642236

0.640451

0.642810

0.643132

0.640994

0.642171

0.641883

0.642542

0.643006

0.641808

0.640332

0.643807

0.641891

0.641988

0.642610

0.642418

0.641685

0.641744

0.640946

0.641157

0.641573

0.641914

0.642071

0.673273

0.674530

0.675732

0.674795

0.673544

0.677990

0.675349

0.673881

0.672764

0.674047

0.673071

0.674617

0.674464

0.673820

0.676005

0.676126

0.674611

0.674685

0.675074

0.675208

0.674503

0.675705

0.673785

0.672990

0.674286

0.673764

0.675053

0.674455

0.675185

0.674612

0.673535

0.673526

0.675490

0.674082

0.672623

0.676268

0.674226

0.674692

0.673269

0.677751

0.675093

0.674694

0.674143

0.675739

0.673214

0.673676

0.673908

0.674187

0.673734

0.674322

0.675410

0.674916

0.674060

0.673438

0.674367

0.673740

0.674358

0.675574

0.674182

0.674651

0.674910

0.673969

0.675554

0.674911

0.674822

0.674444

0.675419

0.675315

0.673224

0.673327

0.675926

0.675670

0.673360

0.675364

0.674515

0.674778

0.674262

0.675133

0.673719

0.676597

0.676571

0.675082

0.674025

0.674437

0.674961

0.674999

0.675053

0.673396

0.675239

0.673883

0.676033

0.674636

0.675295

0.672370

0.674083

0.673856

0.675372

0.674296

0.675081

0.673820

0.533249

0.534113

0.533931

0.534158

0.533679

0.533938

0.533693

0.534048

0.533806

0.533650

0.534277

0.533941

0.533851

0.533514

0.534030

0.533824

0.533829

0.533756

0.533946

0.533508

0.533683

0.534172

0.534321

0.533826

0.533753

0.533785

0.533749

0.533921

0.533901

0.534112

0.534220

0.533633

0.533927

0.533745

0.534143

0.533845

0.533985

0.533678

0.534416

0.533666

0.534236

0.533756

0.533982

0.534097

0.533830

0.534035

0.534205

0.534108

0.534181

0.533950

0.533630

0.534198

0.533443

0.534306

0.533825

0.534394

0.533875

0.533896

0.533982

0.533981

0.533539

0.534025

0.533912

0.534108

0.533718

0.533961

0.533446

0.534357

0.533568

0.533683

0.533835

0.533954

0.534084

0.534145

0.533730

0.534471

0.534056

0.533862

0.533649

0.534179

0.533973

0.533891

0.533828

0.534190

0.534130

0.533871

0.533630

0.534212

0.533895

0.533817

0.534434

0.533790

0.533969

0.534009

0.534440

0.533954

0.534008

0.533950

0.534148

0.533709

0.642303

0.641982

0.643170

0.644082

0.642555

0.641482

0.642060

0.641900

0.642352

0.642382

0.642329

0.642570

0.641003

0.642059

0.642290

0.641791

0.642615

0.642793

0.641030

0.641099

0.641828

0.642523

0.642367

0.643323

0.641209

0.640809

0.642821

0.641663

0.642037

0.641906

0.640877

0.641260

0.641877

0.642612

0.641457

0.642386

0.641640

0.640619

0.642249

0.642113

0.642614

0.641554

0.641607

0.643454

0.641704

0.640390

0.641894

0.644010

0.643259

0.641008

0.640223

0.641843

0.641934

0.643392

0.642094

0.642145

0.642562

0.641925

0.642270

0.642572

0.642018

0.642955

0.642570

0.641712

0.641962

0.641893

0.641016

0.642481

0.642603

0.642819

0.642113

0.642491

0.642145

0.642383

0.641574

0.642224

0.642904

0.640012

0.642246

0.641406

0.642239

0.641488

0.641278

0.641597

0.641070

0.642663

0.641652

0.641553

0.641744

0.641593

0.642333

0.641827

0.642545

0.642240

0.643249

0.642031

0.639741

0.642192

0.641706

0.640852

0.674519

0.673689

0.673788

0.675420

0.674430

0.674715

0.676335

0.674824

0.674804

0.674055

0.674937

0.674758

0.674491

0.675113

0.674325

0.674594

0.673553

0.673687

0.674357

0.673509

0.674476

0.674534

0.675071

0.675502

0.672895

0.673900

0.675829

0.673972

0.675352

0.674868

0.672269

0.674097

0.675114

0.674407

0.674364

0.674607

0.674986

0.672778

0.675006

0.674770

0.674908

0.674466

0.674624

0.675513

0.674745

0.674869

0.673060

0.675274

0.674400

0.674569

0.674021

0.675079

0.674519

0.675886

0.674584

0.675393

0.674542

0.673858

0.675133

0.676001

0.674678

0.676348

0.673381

0.675593

0.674869

0.674984

0.675193

0.675909

0.674480

0.674992

0.674941

0.673704

0.674115

0.675777

0.673774

0.673695

0.674723

0.673256

0.674103

0.673283

0.674308

0.673887

0.673415

0.674295

0.672591

0.674461

0.674780

0.675372

0.674366

0.673252

0.674519

0.674255

0.675592

0.674477

0.674358

0.674442

0.672729

0.674252

0.674448

0.674975

0.555385

0.562477

0.561615

0.562086

0.562237

0.562736

0.561761

0.561851

0.562757

0.562295

0.561451

0.563828

0.561645

0.561979

0.560743

0.562500

0.561978

0.561862

0.560350

0.562052

0.562614

0.561587

0.562514

0.562248

0.561547

0.561354

0.562385

0.561826

0.561701

0.561160

0.562404

0.563181

0.562304

0.562450

0.560634

0.563021

0.561221

0.562877

0.561594

0.561677

0.561673

0.560308

0.560982

0.563468

0.562260

0.562477

0.561208

0.561871

0.561097

0.561902

0.562428

0.562283

0.560914

0.561858

0.560924

0.563147

0.562196

0.562536

0.560939

0.560676

0.561554

0.561571

0.561883

0.561779

0.562489

0.562638

0.562801

0.563462

0.561387

0.560673

0.562326

0.562590

0.561766

0.561868

0.562180

0.561869

0.561014

0.562416

0.562950

0.560982

0.561451

0.562395

0.561399

0.562313

0.562401

0.561504

0.562469

0.562625

0.562970

0.561411

0.562758

0.561803

0.562961

0.560597

0.561494

0.562343

0.560835

0.562469

0.562698

0.561992

0.562313

0.560401

0.563070

0.562665

0.561649

0.562001

0.561805

0.561105

0.562592

0.561565

0.562233

0.561604

0.561832

0.561582

0.561891

0.563586

0.563322

0.561892

0.561257

0.561443

0.562660

0.562915

0.562213

0.561129

0.561917

0.562102

0.562004

0.561408

0.563069

0.562158

0.562567

0.562158

0.562789

0.561326

0.561656

0.562757

0.561845

0.562183

0.562636

0.562511

0.562674

0.562994

0.561687

0.562920

0.563012

0.561575

0.562678

0.562362

0.561532

0.562734

0.561885

0.561749

0.560789

0.562004

0.562787

0.562583

0.561129

0.560472

0.562051

0.562407

0.561868

0.563701

0.561990

0.561982

0.561668

0.562123

0.563489

0.562605

0.562332

0.561963

0.561930

0.563005

0.561434

0.561868

0.561407

0.562383

0.562484

0.562543

0.562383

0.561508

0.561266

0.561505

0.561168

0.561295

0.562865

0.562595

0.561531

0.561860

0.562555

0.562142

0.563006

0.561907

0.561779

0.562602

0.560781

0.562776

0.561080

0.562609

0.562269

0.560251

0.641058

0.641747

0.642306

0.644268

0.643161

0.642273

0.643871

0.643836

0.643379

0.643720

0.644955

0.649171

0.642461

0.645565

0.644478

0.642899

0.642885

0.643106

0.641260

0.643889

0.644283

0.644307

0.642562

0.645046

0.644173

0.641761

0.642969

0.643465

0.644527

0.641958

0.643409

0.643621

0.642363

0.643138

0.642414

0.645805

0.641902

0.644661

0.642092

0.643985

0.645008

0.643313

0.644983

0.645835

0.644887

0.644534

0.640079

0.643409

0.644145

0.642729

0.642578

0.642700

0.643077

0.644660

0.644590

0.642137

0.642969

0.643356

0.641463

0.643049

0.643285

0.643584

0.641626

0.642666

0.644642

0.642408

0.644222

0.643181

0.641424

0.642942

0.644380

0.644206

0.642064

0.642544

0.643482

0.643018

0.643680

0.646679

0.648028

0.645315

0.642530

0.642588

0.643326

0.642931

0.645015

0.643975

0.642625

0.643504

0.641984

0.640537

0.644879

0.640740

0.642183

0.641066

0.643821

0.643220

0.643064

0.644111

0.642858

0.645510

0.644557

0.643152

0.643177

0.644289

0.642024

0.645102

0.645091

0.643653

0.643785

0.642904

0.643303

0.640900

0.642662

0.642351

0.642473

0.644604

0.643115

0.643306

0.643256

0.643778

0.643482

0.644624

0.642769

0.644282

0.644606

0.643500

0.643015

0.644009

0.644641

0.645673

0.645359

0.642697

0.641722

0.642805

0.643449

0.644430

0.641876

0.644724

0.642771

0.641384

0.645076

0.644721

0.643665

0.646995

0.646349

0.644532

0.644372

0.644331

0.639737

0.642308

0.644415

0.642785

0.641292

0.642727

0.644389

0.641656

0.641307

0.642615

0.645287

0.645197

0.643576

0.645517

0.643499

0.644545

0.643062

0.646697

0.645411

0.643608

0.645474

0.643140

0.643892

0.643722

0.644261

0.644403

0.643770

0.641220

0.646021

0.645030

0.643996

0.643827

0.643759

0.642960

0.643650

0.645301

0.645685

0.645205

0.642492

0.642472

0.643584

0.644136

0.642093

0.640381

0.645249

0.643029

0.643656

0.644691

0.641744

0.643969

0.644510

0.642710

0.674976

0.672859

0.671239

0.669847

0.672296

0.670080

0.669473

0.672008

0.671555

0.671463

0.671977

0.675110

0.672681

0.672979

0.672135

0.670293

0.671776

0.673274

0.669451

0.674241

0.670539

0.671428

0.671085

0.671290

0.672028

0.671805

0.671548

0.670856

0.673209

0.672851

0.672536

0.673160

0.673103

0.671223

0.669925

0.673798

0.670911

0.674656

0.672177

0.673616

0.670815

0.670836

0.670754

0.674779

0.671387

0.672679

0.669374

0.672394

0.674718

0.671011

0.671231

0.669129

0.670223

0.672775

0.670294

0.672273

0.673273

0.673401

0.672462

0.672231

0.672430

0.671137

0.672926

0.671268

0.671749

0.668321

0.671946

0.671195

0.670381

0.672650

0.671835

0.673651

0.670638

0.668799

0.669595

0.673831

0.670692

0.673588

0.671563

0.671532

0.670007

0.672170

0.672392

0.671246

0.673103

0.671775

0.671549

0.674042

0.670702

0.669202

0.674013

0.672663

0.669581

0.670777

0.672492

0.671370

0.670967

0.674477

0.674895

0.670368

0.670878

0.670663

0.672119

0.670857

0.672514

0.672120

0.673955

0.670286

0.671901

0.668624

0.672475

0.668423

0.671224

0.670511

0.671434

0.671849

0.671670

0.670932

0.670140

0.672617

0.670692

0.670817

0.670873

0.672219

0.671331

0.671962

0.671500

0.669307

0.672212

0.673805

0.672296

0.671999

0.671610

0.674241

0.674681

0.674666

0.668185

0.669958

0.668962

0.673864

0.670697

0.671847

0.670330

0.672732

0.672696

0.671425

0.672143

0.671977

0.669059

0.669356

0.670258

0.669552

0.668712

0.670730

0.671582

0.669873

0.669483

0.672199

0.672052

0.675880

0.672640

0.673437

0.671469

0.672309

0.670803

0.672154

0.670788

0.673057

0.674029

0.671278

0.672093

0.671452

0.671318

0.671569

0.672257

0.670483

0.672550

0.672516

0.671947

0.671250

0.669885

0.672731

0.672011

0.671821

0.672729

0.672843

0.672651

0.668786

0.672310

0.672100

0.671276

0.669749

0.674200

0.670745

0.672143

0.669326

0.669890

0.674885

0.670185

0.672058

0.541196

0.540999

0.541529

0.540869

0.541478

0.541519

0.541086

0.540886

0.540916

0.540456

0.541183

0.541400

0.540794

0.541088

0.540681

0.541600

0.541434

0.540876

0.541088

0.540770

0.540396

0.541264

0.541388

0.540803

0.540776

0.541296

0.540730

0.541029

0.541300

0.540334

0.540660

0.541010

0.541496

0.541940

0.540343

0.541444

0.540980

0.541010

0.540967

0.541082

0.540995

0.541027

0.540969

0.541364

0.541221

0.541413

0.540904

0.541043

0.540807

0.541290

0.540741

0.541601

0.540911

0.540871

0.541134

0.541063

0.540789

0.541556

0.541390

0.540704

0.541610

0.540908

0.541047

0.540818

0.541513

0.541338

0.541066

0.541318

0.540987

0.541410

0.541605

0.541226

0.541315

0.541320

0.541184

0.541040

0.540695

0.541488

0.540263

0.541239

0.541640

0.541131

0.541088

0.541933

0.541205

0.541372

0.540813

0.541065

0.541442

0.541141

0.540803

0.540521

0.541568

0.540916

0.541249

0.541313

0.541256

0.540858

0.540971

0.540573

0.540832

0.541869

0.541138

0.540721

0.540343

0.540914

0.541116

0.541307

0.541304

0.541555

0.540944

0.540923

0.541461

0.541595

0.541167

0.541355

0.541013

0.540862

0.540663

0.541701

0.541176

0.541102

0.541101

0.540648

0.541411

0.541559

0.541040

0.541345

0.541079

0.540753

0.541197

0.541449

0.541125

0.541128

0.540826

0.542077

0.541036

0.540842

0.540817

0.541719

0.541086

0.541640

0.541716

0.540942

0.541459

0.540761

0.541325

0.541332

0.541113

0.540852

0.540634

0.541015

0.541243

0.541234

0.540865

0.540764

0.541202

0.541531

0.541199

0.541721

0.541792

0.541642

0.541173

0.541320

0.540898

0.541316

0.541273

0.540926

0.540938

0.541208

0.541692

0.541082

0.541078

0.541598

0.540885

0.540905

0.541390

0.541316

0.540899

0.541297

0.541133

0.541576

0.540456

0.541130

0.541342

0.540849

0.541044

0.540775

0.540996

0.540874

0.541533

0.541500

0.541436

0.541192

0.540845

0.541429

0.541547

0.540943

0.541779

0.541159

0.638478

0.642370

0.641780

0.641371

0.641865

0.644646

0.643809

0.641493

0.641552

0.641483

0.642600

0.640648

0.642030

0.641744

0.643166

0.642341

0.640708

0.642426

0.641586

0.640946

0.641662

0.642563

0.642779

0.639908

0.641822

0.640112

0.641987

0.642807

0.641797

0.641497

0.642025

0.642224

0.642447

0.642207

0.642566

0.642881

0.640809

0.641614

0.642123

0.644600

0.641032

0.641808

0.642194

0.642653

0.640380

0.641324

0.641244

0.642888

0.640613

0.642372

0.642849

0.642624

0.641787

0.642606

0.641919

0.640533

0.641235

0.642839

0.641327

0.642641

0.642655

0.642048

0.642326

0.641351

0.642080

0.642946

0.640897

0.642824

0.640296

0.641892

0.642187

0.642974

0.641666

0.642935

0.639839

0.641991

0.640605

0.642236

0.640451

0.642810

0.643132

0.640994

0.642171

0.641883

0.642542

0.643006

0.641808

0.640332

0.643807

0.641891

0.641988

0.642610

0.642418

0.641685

0.641744

0.640946

0.641157

0.641573

0.641914

0.642071

0.640245

0.642307

0.642950

0.640460

0.642638

0.640791

0.642525

0.641202

0.641154

0.643167

0.640875

0.641843

0.641445

0.641268

0.642677

0.642977

0.639549

0.642786

0.639821

0.642656

0.642700

0.641987

0.640891

0.641281

0.639665

0.641832

0.640651

0.642423

0.643269

0.640295

0.641068

0.642036

0.643021

0.640282

0.641233

0.642863

0.642876

0.641223

0.642760

0.644336

0.643055

0.641723

0.641723

0.640473

0.640311

0.641084

0.642012

0.642070

0.640771

0.641557

0.640066

0.641834

0.641192

0.643151

0.640216

0.640967

0.641294

0.641295

0.644091

0.641831

0.642329

0.643761

0.642722

0.642328

0.641338

0.642030

0.641901

0.641158

0.641588

0.642743

0.641983

0.643322

0.641403

0.642187

0.642146

0.642349

0.642466

0.641089

0.641772

0.642267

0.642056

0.643203

0.642126

0.642824

0.641801

0.640039

0.640810

0.640887

0.640917

0.640927

0.641051

0.641855

0.641812

0.644258

0.642513

0.641003

0.642450

0.641010

0.641807

0.641481

0.673273

0.674530

0.675732

0.674795

0.673544

0.677990

0.675349

0.673881

0.672764

0.674047

0.673071

0.674617

0.674464

0.673820

0.676005

0.676126

0.674611

0.674685

0.675074

0.675208

0.674503

0.675705

0.673785

0.672990

0.674286

0.673764

0.675053

0.674455

0.675185

0.674612

0.673535

0.673526

0.675490

0.674082

0.672623

0.676268

0.674226

0.674692

0.673269

0.677751

0.675093

0.674694

0.674143

0.675739

0.673214

0.673676

0.673908

0.674187

0.673734

0.674322

0.675410

0.674916

0.674060

0.673438

0.674367

0.673740

0.674358

0.675574

0.674182

0.674651

0.674910

0.673969

0.675554

0.674911

0.674822

0.674444

0.675419

0.675315

0.673224

0.673327

0.675926

0.675670

0.673360

0.675364

0.674515

0.674778

0.674262

0.675133

0.673719

0.676597

0.676571

0.675082

0.674025

0.674437

0.674961

0.674999

0.675053

0.673396

0.675239

0.673883

0.676033

0.674636

0.675295

0.672370

0.674083

0.673856

0.675372

0.674296

0.675081

0.673820

0.674547

0.674204

0.675479

0.673070

0.674201

0.673182

0.675599

0.675627

0.673411

0.674724

0.673299

0.674838

0.673712

0.673728

0.674866

0.675195

0.673082

0.675027

0.673470

0.675139

0.675280

0.673878

0.675046

0.673494

0.674642

0.675088

0.673509

0.674404

0.676020

0.674264

0.673624

0.673830

0.675609

0.672573

0.674689

0.674530

0.675475

0.673743

0.674483

0.674324

0.675166

0.674529

0.675891

0.674710

0.673949

0.672520

0.674302

0.674135

0.673638

0.674123

0.673057

0.674059

0.674023

0.675801

0.673494

0.674698

0.675463

0.673606

0.675199

0.676316

0.675944

0.675349

0.675836

0.675043

0.674459

0.673737

0.673437

0.674626

0.675639

0.674484

0.673673

0.673582

0.674211

0.673962

0.674749

0.674645

0.674386

0.675522

0.674302

0.674619

0.674984

0.674717

0.671837

0.674549

0.675278

0.674003

0.673816

0.673440

0.673024

0.673637

0.673210

0.675541

0.674488

0.675297

0.672755

0.674949

0.676695

0.673590

0.675141

0.672980

0.533249

0.534113

0.533931

0.534158

0.533679

0.533938

0.533693

0.534048

0.533806

0.533650

0.534277

0.533941

0.533851

0.533514

0.534030

0.533824

0.533829

0.533756

0.533946

0.533508

0.533683

0.534172

0.534321

0.533826

0.533753

0.533785

0.533749

0.533921

0.533901

0.534112

0.534220

0.533633

0.533927

0.533745

0.534143

0.533845

0.533985

0.533678

0.534416

0.533666

0.534236

0.533756

0.533982

0.534097

0.533830

0.534035

0.534205

0.534108

0.534181

0.533950

0.533630

0.534198

0.533443

0.534306

0.533825

0.534394

0.533875

0.533896

0.533982

0.533981

0.533539

0.534025

0.533912

0.534108

0.533718

0.533961

0.533446

0.534357

0.533568

0.533683

0.533835

0.533954

0.534084

0.534145

0.533730

0.534471

0.534056

0.533862

0.533649

0.534179

0.533973

0.533891

0.533828

0.534190

0.534130

0.533871

0.533630

0.534212

0.533895

0.533817

0.534434

0.533790

0.533969

0.534009

0.534440

0.533954

0.534008

0.533950

0.534148

0.533709

0.533639

0.533943

0.533995

0.533629

0.534232

0.533947

0.534430

0.534438

0.534123

0.533695

0.534187

0.533812

0.533753

0.534330

0.533936

0.534137

0.533778

0.534010

0.534065

0.533907

0.534107

0.533681

0.534058

0.533725

0.534006

0.533592

0.533886

0.534286

0.534392

0.533616

0.534243

0.533976

0.534337

0.534055

0.533916

0.534115

0.534084

0.534029

0.534091

0.534197

0.533797

0.533860

0.533655

0.533785

0.534066

0.533346

0.533726

0.534130

0.533934

0.533962

0.534133

0.534514

0.534233

0.533863

0.533691

0.534069

0.533822

0.533710

0.534174

0.534009

0.533588

0.534600

0.533846

0.533958

0.533787

0.533969

0.534170

0.533897

0.533970

0.534153

0.534269

0.534259

0.534243

0.533791

0.533661

0.533503

0.533371

0.534277

0.534099

0.534015

0.533606

0.533803

0.533366

0.533718

0.533881

0.534199

0.533829

0.534104

0.533519

0.534144

0.534096

0.533980

0.534061

0.534037

0.534091

0.533610

0.533722

0.534165

0.534048

0.534242

0.642303

0.641982

0.643170

0.644082

0.642555

0.641482

0.642060

0.641900

0.642352

0.642382

0.642329

0.642570

0.641003

0.642059

0.642290

0.641791

0.642615

0.642793

0.641030

0.641099

0.641828

0.642523

0.642367

0.643323

0.641209

0.640809

0.642821

0.641663

0.642037

0.641906

0.640877

0.641260

0.641877

0.642612

0.641457

0.642386

0.641640

0.640619

0.642249

0.642113

0.642614

0.641554

0.641607

0.643454

0.641704

0.640390

0.641894

0.644010

0.643259

0.641008

0.640223

0.641843

0.641934

0.643392

0.642094

0.642145

0.642562

0.641925

0.642270

0.642572

0.642018

0.642955

0.642570

0.641712

0.641962

0.641893

0.641016

0.642481

0.642603

0.642819

0.642113

0.642491

0.642145

0.642383

0.641574

0.642224

0.642904

0.640012

0.642246

0.641406

0.642239

0.641488

0.641278

0.641597

0.641070

0.642663

0.641652

0.641553

0.641744

0.641593

0.642333

0.641827

0.642545

0.642240

0.643249

0.642031

0.639741

0.642192

0.641706

0.640852

0.640870

0.641190

0.642647

0.642352

0.642074

0.642035

0.642777

0.643981

0.642432

0.642563

0.642899

0.641285

0.641365

0.643947

0.641159

0.642549

0.643642

0.641484

0.642651

0.641289

0.641378

0.641398

0.642987

0.641171

0.640708

0.639802

0.641273

0.641727

0.643335

0.642214

0.642267

0.641615

0.641259

0.641450

0.643293

0.641195

0.640873

0.641745

0.643061

0.641644

0.641628

0.642012

0.642024

0.640723

0.642098

0.641262

0.640597

0.640496

0.641683

0.642019

0.641024

0.642887

0.643430

0.642211

0.641050

0.642059

0.642774

0.642294

0.643397

0.642335

0.642925

0.642742

0.641393

0.641752

0.641732

0.641818

0.642445

0.642766

0.642272

0.642635

0.643626

0.642110

0.643002

0.640676

0.641765

0.642289

0.641273

0.640846

0.641674

0.642782

0.641684

0.643070

0.641711

0.641921

0.642039

0.641768

0.642001

0.642560

0.641150

0.643458

0.643384

0.642343

0.642259

0.643900

0.642161

0.642200

0.642422

0.642394

0.642521

0.642521

0.674519

0.673689

0.673788

0.675420

0.674430

0.674715

0.676335

0.674824

0.674804

0.674055

0.674937

0.674758

0.674491

0.675113

0.674325

0.674594

0.673553

0.673687

0.674357

0.673509

0.674476

0.674534

0.675071

0.675502

0.672895

0.673900

0.675829

0.673972

0.675352

0.674868

0.672269

0.674097

0.675114

0.674407

0.674364

0.674607

0.674986

0.672778

0.675006

0.674770

0.674908

0.674466

0.674624

0.675513

0.674745

0.674869

0.673060

0.675274

0.674400

0.674569

0.674021

0.675079

0.674519

0.675886

0.674584

0.675393

0.674542

0.673858

0.675133

0.676001

0.674678

0.676348

0.673381

0.675593

0.674869

0.674984

0.675193

0.675909

0.674480

0.674992

0.674941

0.673704

0.674115

0.675777

0.673774

0.673695

0.674723

0.673256

0.674103

0.673283

0.674308

0.673887

0.673415

0.674295

0.672591

0.674461

0.674780

0.675372

0.674366

0.673252

0.674519

0.674255

0.675592

0.674477

0.674358

0.674442

0.672729

0.674252

0.674448

0.674975

0.673460

0.674150

0.674335

0.674597

0.674614

0.674513

0.675170

0.675675

0.673747

0.673349

0.674468

0.674721

0.673931

0.675879

0.675179

0.673786

0.674479

0.675384

0.675608

0.674507

0.673883

0.674291

0.675385

0.674461

0.673716

0.673620

0.674300

0.675047

0.674951

0.675210

0.674357

0.673886

0.674415

0.674528

0.675417

0.674746

0.674852

0.674524

0.675993

0.674866

0.673195

0.676024

0.673607

0.673704

0.674247

0.672887

0.673810

0.673171

0.674143

0.675529

0.674590

0.675369

0.674584

0.674213

0.674741

0.672721

0.673180

0.674641

0.675627

0.674538

0.675183

0.675079

0.674467

0.673335

0.674825

0.674351

0.673821

0.674324

0.674082

0.675615

0.675164

0.674358

0.675657

0.673148

0.673709

0.674176

0.673962

0.675400

0.674339

0.675306

0.673624

0.673652

0.674144

0.673779

0.674196

0.674818

0.675442

0.674780

0.674622

0.674860

0.674412

0.675946

0.675141

0.674377

0.674916

0.674847

0.674987

0.674115

0.674737

0.673598

0.557919
0.564349
0.564555
0.562838
0.564388
0.560480
0.563479
0.564294
0.564743
0.564451
0.563058
0.566589
0.563910
0.565712
0.562808
0.564868
0.563945
0.563435
0.563091
0.563732
0.564354
0.564523
0.564303
0.565717
0.564743
0.563291
0.563708
0.564308
0.563404
0.562981
0.565641
0.565130
0.563373
0.560877
0.562794
0.564575
0.564751
0.565387
0.562965
0.564067
0.564680
0.558585
0.562995
0.566865
0.563921
0.564684
0.562996
0.563932
0.563654
0.563501
0.676082
0.679707
0.678942
0.679580
0.680799
0.680534
0.681293
0.675972
0.676129
0.673095
0.680660
0.684181
0.675156
0.681659
0.678926
0.678331
0.674542
0.676710
0.674621
0.680677
0.679207
0.681885
0.677599
0.679662
0.676817
0.676037
0.677553
0.678750
0.680007
0.677186
0.677382
0.677831
0.676693
0.674886
0.672653
0.685770
0.674735
0.686240
0.672994
0.679487
0.677277
0.676996
0.676849
0.676784
0.676482
0.680782
0.676328
0.676218
0.675311
0.672813
0.725834
0.722474
0.725592
0.727309
0.723486
0.722085
0.718664
0.718548
0.718026
0.728422
0.726291
0.728348
0.721156
0.723159
0.723769
0.722379
0.716335
0.725609
0.723057
0.723746
0.723967
0.725859
0.722525
0.557919
0.564728
0.563558
0.563993
0.564926
0.564521
0.564277
0.563128
0.564587
0.564577
0.563724
0.566343
0.564965
0.564996
0.562169
0.564577
0.564273
0.564600
0.562633
0.559940
0.564901
0.563046
0.565206
0.565556
0.564526
0.562752
0.563847
0.560122
0.560067
0.558195
0.563691
0.564571
0.560322
0.559686
0.558395
0.564678
0.562362
0.560630
0.563805
0.559843
0.565461
0.561729
0.562005
0.562424
0.561029
0.564756
0.564034
0.564262
0.563387
0.559127
0.676082
0.680230
0.680375
0.684937
0.680369
0.679168
0.675544
0.677635
0.676823
0.679213
0.682206
0.684689
0.672832
0.678602
0.681716
0.679132
0.679223
0.671651
0.676028
0.680990
0.684360
0.679579
0.676435
0.681544
0.681227
0.677963
0.677815
0.675181
0.682221
0.674242
0.681848
0.677706
0.674982
0.677433
0.678970
0.678162
0.681785
0.687938
0.672340
0.679437
0.680439
0.678138
0.680469
0.683395
0.675686
0.680794
0.672885
0.679196
0.687389
0.677133
0.725834
0.722434
0.719321
0.729131
0.722872
0.722053
0.722850
0.724073
0.723047
0.727297
0.723498
0.722563
0.722137
0.725333
0.723389
0.723670
0.715626
0.724423
0.719424
0.726199
0.727941
0.719972
0.728240
0.723948
0.729037
0.721216
0.726366
0.719389
0.725285
0.729719
0.723503
0.722631
0.722922
0.718578
0.718104
0.726852
0.723549
0.723700
0.724038
0.721283
0.721632
0.728554
0.722888
0.729659
0.723240
0.724638
0.720856
0.724583
0.727065
0.724543
0.542874
0.542405
0.542815
0.542776
0.543233
0.543434
0.542671
0.542512
0.543279
0.542001
0.542862
0.543546
0.542508
0.542876
0.542487
0.543048
0.543225
0.542042
0.542762
0.542564
0.542267
0.542557
0.543726
0.542536
0.541983
0.543166
0.542217
0.542480
0.543596
0.541843
0.542470
0.542263
0.543747
0.543582
0.541670
0.543839
0.542401
0.542576
0.542607
0.542416
0.542221
0.542899
0.542571
0.543842
0.543190
0.542805
0.543455
0.542428
0.542399
0.543354
0.668780
0.676771
0.672170
0.670755
0.669869
0.677995
0.674809
0.675467
0.671107
0.669955
0.674558
0.671900
0.669618
0.674200
0.671605
0.674790
0.673109
0.677549
0.675593
0.669736
0.672814
0.673144
0.674647
0.672133
0.671344
0.666698
0.671066
0.670788
0.671159
0.673000
0.674283
0.671528
0.677029
0.674106
0.675211
0.669155
0.674494
0.671653
0.668508
0.671096
0.672568
0.674490
0.677419
0.674247
0.671191
0.671644
0.667889
0.672542
0.668733
0.673332
0.718479
0.718534
0.718868
0.719321
0.718385
0.718593
0.717338
0.716289
0.715979
0.721109
0.719983
0.715671
0.718733
0.715503
0.720553
0.718081
0.718502
0.718512
0.717437
0.714848
0.718893
0.719299
0.717426
0.718647
0.720005
0.718589
0.718190
0.716849
0.716718
0.716997
0.717757
0.720293
0.721556
0.719079
0.718854
0.719248
0.717716
0.715369
0.718653
0.720032
0.715239
0.718239
0.715388
0.715608
0.715313
0.716538
0.718229
0.720366
0.715746
0.717354
0.534598
0.535061
0.534688
0.535232
0.535262
0.534490
0.535420
0.535191
0.535067
0.534202
0.535424
0.534801
0.535485
0.534408
0.534908
0.534646
0.534338
0.534743
0.535499
0.534630
0.534897
0.535675
0.535363
0.535495
0.535384
0.534992
0.535109
0.534753
0.535479
0.535692
0.535111
0.534693
0.535225
0.535010
0.535268
0.534570
0.535220
0.534194
0.535426
0.534260
0.535025
0.534925
0.535680
0.536027
0.535139
0.535157
0.535594
0.535124
0.535573
0.535605
0.670111
0.669797
0.667695
0.671129
0.671284
0.669796
0.669461
0.672761
0.667709
0.670897
0.672048
0.672340
0.670804
0.671844
0.671537
0.672264
0.669030
0.670844
0.668187
0.669248
0.670090
0.671445
0.670115
0.671460
0.668811
0.671442
0.672584
0.668307
0.673299
0.669516
0.669444
0.668964
0.669078
0.671057
0.669758
0.672031
0.666068
0.670188
0.671365
0.668853
0.670621
0.667140
0.671279
0.671687
0.672036
0.668249
0.672916
0.672602
0.673513
0.668135
0.715686
0.716371
0.711421
0.715774
0.714329
0.715127
0.715491
0.714494
0.713613
0.714174
0.718725
0.715292
0.716367
0.716675
0.712819
0.715282
0.714854
0.714013
0.713400
0.715179
0.715693
0.716959
0.716348
0.715705
0.712647
0.714510
0.716956
0.716829
0.712403
0.714789
0.715280
0.716239
0.715449
0.715223
0.714409
0.714936
0.713121
0.716039
0.714408
0.714149
0.715930
0.714285
0.716029
0.715520
0.714873
0.713326
0.715047
0.715467
0.717968
0.713857
0.557919
0.560160
0.563192
0.564286
0.564161
0.565173
0.558986
0.563930
0.565502
0.559319
0.563448
0.566430
0.564078
0.565692
0.562721
0.564970
0.564112
0.559327
0.562249
0.563693
0.564126
0.563697
0.565236
0.560093
0.564189
0.564374
0.559960
0.563120
0.563773
0.563347
0.564678
0.560740
0.564263
0.564315
0.562923
0.565167
0.563061
0.564263
0.559480
0.563793
0.563914
0.562496
0.562955
0.565921
0.563833
0.565237
0.558150
0.563950
0.563338
0.559232
0.565043
0.564305
0.564093
0.563963
0.563926
0.565555
0.564691
0.564788
0.562865
0.563133
0.564641
0.562671
0.564258
0.560069
0.564936
0.565211
0.565035
0.566987
0.563573
0.558188
0.564606
0.564212
0.563667
0.564006
0.564492
0.563706
0.563129
0.561074
0.566300
0.562956
0.562702
0.564637
0.558853
0.560363
0.564348
0.563612
0.564913
0.564768
0.565484
0.563264
0.560129
0.563510
0.564302
0.558816
0.564111
0.564619
0.563394
0.564426
0.560936
0.563253
0.676082
0.672647
0.678126
0.685000
0.678822
0.679510
0.679173
0.682717
0.676676
0.672277
0.681248
0.687652
0.678626
0.684720
0.679952
0.677685
0.677510
0.675484
0.675249
0.683201
0.687299
0.679220
0.679356
0.680415
0.675224
0.681445
0.678862
0.677277
0.681410
0.677002
0.679225
0.679970
0.678706
0.680765
0.679832
0.679173
0.679539
0.682055
0.677252
0.674353
0.676698
0.674553
0.677313
0.681244
0.677052
0.682511
0.675065
0.676334
0.678043
0.673771
0.672205
0.676491
0.677824
0.675330
0.678069
0.676316
0.676782
0.681911
0.674939
0.677482
0.680730
0.677566
0.682767
0.680095
0.681518
0.677191
0.673117
0.678906
0.675167
0.676052
0.675930
0.677225
0.673479
0.677199
0.680278
0.683000
0.677340
0.684132
0.684592
0.676117
0.676995
0.682528
0.672811
0.675355
0.677066
0.681104
0.680360
0.677603
0.678245
0.677380
0.682485
0.676788
0.677223
0.676143
0.678330
0.679554
0.672480
0.679312
0.677516
0.684147
0.725834
0.718967
0.718104
0.728004
0.725108
0.723582
0.722400
0.723127
0.722243
0.731321
0.728170
0.726192
0.722993
0.723980
0.720524
0.719920
0.723674
0.719597
0.718417
0.728450
0.725748
0.724265
0.720966
0.724064
0.728383
0.721249
0.721183
0.721989
0.729347
0.723207
0.727030
0.721566
0.726774
0.723577
0.721028
0.729376
0.727281
0.724376
0.720883
0.719837
0.725467
0.726943
0.727385
0.723642
0.723026
0.722895
0.719974
0.725352
0.721762
0.724655
0.726035
0.727875
0.724388
0.729442
0.723280
0.723985
0.722662
0.723880
0.721257
0.723678
0.725331
0.724571
0.723087
0.722379
0.724386
0.723787
0.723212
0.725150
0.719280
0.728269
0.727548
0.724264
0.722927
0.720751
0.724813
0.723883
0.724714
0.726508
0.727317
0.725630
0.726116
0.721980
0.726580
0.723039
0.723852
0.724153
0.718674
0.725273
0.723095
0.721018
0.721840
0.720934
0.728008
0.725373
0.724501
0.723901
0.721046
0.721728
0.718218
0.724317
0.542874
0.542572
0.542741
0.542318
0.542791
0.543813
0.542892
0.542760
0.541644
0.542172
0.542619
0.542715
0.541919
0.543076
0.542230
0.543818
0.542735
0.543108
0.542394
0.543032
0.541945
0.542723
0.543792
0.542598
0.542502
0.543173
0.542197
0.542757
0.542662
0.541977
0.541659
0.543019
0.543487
0.543728
0.542099
0.543052
0.542792
0.543411
0.542748
0.542299
0.542691
0.542754
0.542940
0.543699
0.543345
0.543144
0.542291
0.542285
0.541794
0.543052
0.542612
0.543035
0.542542
0.542976
0.543286
0.542503
0.543111
0.543899
0.543113
0.542588
0.543027
0.542900
0.542821
0.542776
0.543442
0.543252
0.543053
0.543382
0.542798
0.543299
0.543438
0.542574
0.543537
0.542858
0.542740
0.542675
0.542648
0.543509
0.540959
0.543066
0.543556
0.542556
0.543307
0.543722
0.542553
0.542806
0.542824
0.542587
0.543055
0.542763
0.541971
0.542413
0.543178
0.542928
0.542970
0.542745
0.542956
0.543425
0.542446
0.542407
0.668780
0.670515
0.670874
0.672004
0.671615
0.674568
0.674311
0.674162
0.672216
0.673290
0.673530
0.671805
0.672428
0.672735
0.672317
0.675727
0.672982
0.672546
0.675793
0.673006
0.672294
0.673215
0.675425
0.670797
0.672659
0.673385
0.672870
0.669803
0.671202
0.674217
0.674331
0.670230
0.670581
0.672247
0.670558
0.674490
0.674770
0.673228
0.672669
0.675903
0.672726
0.673694
0.674375
0.676275
0.672661
0.671204
0.672128
0.672830
0.673373
0.668989
0.676784
0.672947
0.673978
0.671134
0.671240
0.671260
0.673296
0.674776
0.675232
0.671992
0.673056
0.673420
0.671563
0.671388
0.676924
0.676989
0.672396
0.675411
0.672319
0.672713
0.671341
0.676606
0.674017
0.672773
0.673124
0.671979
0.666644
0.674213
0.671984
0.675427
0.677801
0.672469
0.674317
0.672417
0.673073
0.674236
0.673624
0.673944
0.677759
0.676299
0.671625
0.674141
0.674323
0.671547
0.670502
0.670024
0.672534
0.673114
0.670698
0.674225
0.718479
0.720089
0.719214
0.718106
0.720971
0.720362
0.718871
0.716869
0.716228
0.716346
0.714876
0.715408
0.717234
0.715301
0.718811
0.719629
0.719758
0.717296
0.718515
0.719669
0.714731
0.722626
0.720334
0.717621
0.720865
0.722240
0.722223
0.717553
0.716092
0.718004
0.716841
0.716527
0.721367
0.720427
0.716791
0.721303
0.715259
0.716841
0.718109
0.720485
0.718678
0.717139
0.719784
0.716653
0.717095
0.717406
0.715206
0.719701
0.714512
0.716227
0.716050
0.716360
0.717793
0.716099
0.721840
0.717173
0.717627
0.718127
0.717327
0.717423
0.718786
0.719100
0.718384
0.715943
0.721897
0.718123
0.718588
0.717612
0.714526
0.715063
0.721764
0.720741
0.722958
0.718235
0.716416
0.718860
0.716054
0.719266
0.719174
0.721502
0.718639
0.719077
0.720936
0.720025
0.718563
0.716811
0.719629
0.719567
0.716920
0.718286
0.717388
0.717289
0.719931
0.718037
0.720159
0.717101
0.717268
0.714905
0.718370
0.719241
0.534598
0.535196
0.535267
0.535256
0.534593
0.535304
0.534721
0.535442
0.534649
0.534661
0.535142
0.534762
0.534410
0.534820
0.534898
0.534881
0.534995
0.535293
0.534855
0.534721
0.534929
0.535430
0.535222
0.535073
0.534820
0.534678
0.535067
0.534867
0.534776
0.535368
0.535831
0.997678
0.535262
0.534507
0.535108
0.534936
0.534915
0.535195
0.535112
0.534971
0.535433
0.535072
0.535064
0.535378
0.535316
0.534884
0.535238
0.535324
0.535683
0.534669
0.534544
0.535594
0.534360
0.536235
0.534913
0.535165
0.535029
0.534593
0.535292
0.535420
0.534226
0.535155
0.535159
0.534466
0.534586
0.534808
0.534324
0.535228
0.534433
0.534344
0.534813
0.535477
0.535229
0.535068
0.534861
0.535872
0.534574
0.534932
0.534945
0.535182
0.534751
0.534678
0.534604
0.535171
0.535273
0.534873
0.534648
0.535466
0.534963
0.534816
0.535213
0.534961
0.535162
0.535916
0.535978
0.535076
0.535079
0.535189
0.535432
0.534922
0.670111
0.672653
0.670223
0.674801
0.672948
0.668764
0.671963
0.672697
0.671900
0.671591
0.672454
0.671626
0.669710
0.669614
0.669421
0.669721
0.669576
0.671345
0.668550
0.669977
0.671801
0.669968
0.669186
0.672111
0.669626
0.672371
0.671655
0.667480
0.672888
0.669200
0.672111
0.671304
0.671085
0.668623
0.670082
0.671419
0.666690
0.668001
0.668978
0.671548
0.672040
0.669406
0.672278
0.671015
0.667719
0.670761
0.671024
0.673439
0.674365
0.668117
0.669870
0.670095
0.669279
0.673549
0.670954
0.671791
0.670686
0.673566
0.668469
0.671196
0.669457
0.673672
0.667853
0.668945
0.666889
0.668798
0.670654
0.671736
0.668721
0.671028
0.670664
0.671432
0.670435
0.667192
0.668518
0.671371
0.670231
0.670984
0.670513
0.667966
0.671880
0.670606
0.668718
0.671539
0.670309
0.670084
0.669963
0.671307
0.670974
0.665639
0.671586
0.671560
0.671629
0.670786
0.669370
0.669641
0.668750
0.669331
0.671126
0.670183
0.715686
0.716059
0.712866
0.717429
0.714746
0.711635
0.712751
0.715395
0.712639
0.715837
0.717192
0.715260
0.715665
0.715455
0.717221
0.716211
0.714162
0.717078
0.714384
0.713569
0.714810
0.714281
0.717390
0.718450
0.714176
0.715323
0.713310
0.714314
0.714758
0.713433
0.713514
0.718364
0.712640
0.714674
0.716827
0.716029
0.715580
0.715779
0.715470
0.715528
0.716849
0.717323
0.716253
0.715703
0.717261
0.715126
0.715007
0.715497
0.716768
0.713470
0.713986
0.714274
0.717122
0.717245
0.716204
0.717335
0.715570
0.715768
0.712712
0.717009
0.716288
0.715215
0.716431
0.713403
0.716767
0.714856
0.714788
0.716272
0.713793
0.712773
0.714208
0.718207
0.717472
0.716040
0.715438
0.716847
0.715071
0.718331
0.714367
0.716325
0.717047
0.715436
0.714128
0.715001
0.716404
0.716539
0.716059
0.714175
0.714675
0.716495
0.713971
0.715819
0.717527
0.714789
0.714842
0.714084
0.712913
0.717126
0.715391
0.714993
0.557919
0.564448
0.563260
0.564813
0.564695
0.560574
0.564202
0.565168
0.565162
0.561398
0.559330
0.566830
0.563444
0.564420
0.563141
0.564755
0.564762
0.564324
0.563232
0.564128
0.564454
0.563374
0.564900
0.564790
0.563562
0.563357
0.563744
0.563351
0.564425
0.558557
0.564588
0.565885
0.564239
0.565493
0.561956
0.564789
0.563230
0.564212
0.563474
0.563397
0.564506
0.562109
0.563521
0.566166
0.565446
0.563869
0.563275
0.564075
0.562967
0.563164
0.564255
0.564884
0.562896
0.564528
0.563964
0.565304
0.564078
0.564210
0.562862
0.563173
0.563466
0.563252
0.563772
0.564741
0.561043
0.565118
0.564344
0.565702
0.563062
0.562312
0.564478
0.560588
0.563895
0.564880
0.564413
0.564323
0.559010
0.564550
0.566161
0.564257
0.563675
0.563578
0.559262
0.564481
0.563864
0.564667
0.565329
0.566013
0.565959
0.563706
0.565027
0.563578
0.561433
0.562540
0.562820
0.560726
0.563650
0.563938
0.564958
0.564312
0.564514
0.561959
0.566438
0.565049
0.563863
0.564627
0.564673
0.563593
0.564495
0.563145
0.564116
0.563348
0.564734
0.562858
0.559413
0.566648
0.565267
0.564278
0.558844
0.563114
0.564945
0.565236
0.564286
0.563350
0.563680
0.564638
0.564544
0.565041
0.565044
0.564088
0.564492
0.563238
0.565236
0.562854
0.563781
0.564273
0.560482
0.564187
0.566613
0.564315
0.565029
0.560369
0.563895
0.565596
0.566245
0.564466
0.560142
0.561040
0.563917
0.559368
0.564211
0.562924
0.563040
0.564767
0.565303
0.564969
0.563063
0.562181
0.564634
0.564165
0.565071
0.565149
0.563381
0.559789
0.564059
0.565444
0.565860
0.564324
0.564516
0.563410
0.564723
0.565780
0.563668
0.563996
0.563500
0.564216
0.564932
0.560083
0.561014
0.564278
0.562454
0.562981
0.563191
0.562608
0.565095
0.564793
0.563157
0.563604
0.565579
0.564642
0.564928
0.564811
0.563546
0.564215
0.558087
0.564954
0.563935
0.564721
0.564891
0.563009
0.676082
0.677577
0.674547
0.679867
0.678660
0.680776
0.672831
0.678249
0.678568
0.676148
0.680994
0.685523
0.674408
0.681237
0.678693
0.673421
0.673712
0.673845
0.674787
0.681111
0.677351
0.678336
0.678400
0.678581
0.678044
0.678313
0.677170
0.677823
0.677614
0.674054
0.678879
0.682514
0.677819
0.677300
0.678056
0.685562
0.673741
0.677361
0.676653
0.684830
0.674516
0.677076
0.680089
0.684279
0.676202
0.676826
0.673184
0.679127
0.677805
0.676838
0.675324
0.677491
0.678923
0.680044
0.678621
0.678135
0.684267
0.682278
0.678925
0.682219
0.678031
0.680388
0.681976
0.677023
0.676769
0.679490
0.680386
0.680032
0.676407
0.679638
0.682098
0.676747
0.681741
0.680670
0.681721
0.680442
0.679408
0.675893
0.681616
0.678605
0.679240
0.679965
0.675588
0.679532
0.684419
0.676470
0.684128
0.678229
0.681334
0.669032
0.680236
0.677635
0.675803
0.677111
0.677029
0.680793
0.674829
0.678798
0.677646
0.679868
0.679163
0.677597
0.681651
0.679912
0.676757
0.677406
0.681858
0.677489
0.676611
0.677505
0.682973
0.678574
0.678931
0.680477
0.677895
0.682220
0.673338
0.682072
0.675505
0.676423
0.678761
0.681525
0.673956
0.671054
0.678371
0.679867
0.682949
0.682202
0.680506
0.679309
0.679177
0.676752
0.675739
0.680842
0.676715
0.682098
0.681767
0.675400
0.676779
0.676875
0.680951
0.679905
0.680233
0.682389
0.677555
0.673359
0.679734
0.678822
0.676848
0.675058
0.676334
0.675507
0.675435
0.676279
0.677955
0.683819
0.674277
0.674487
0.677926
0.683273
0.681724
0.682191
0.675949
0.674163
0.677645
0.681790
0.681703
0.676026
0.677859
0.681789
0.679764
0.680432
0.677678
0.684988
0.676709
0.680959
0.684348
0.672472
0.683612
0.681264
0.674373
0.677654
0.682114
0.680756
0.685748
0.673981
0.674142
0.675242
0.678611
0.679458
0.673058
0.674528
0.687110
0.678661
0.677354
0.680870
0.678769
0.677108
0.676891
0.673745
0.725834
0.723377
0.723199
0.728476
0.729047
0.726334
0.720983
0.721680
0.721115
0.728292
0.722857
0.725468
0.721833
0.723004
0.719518
0.721393
0.721205
0.720762
0.720458
0.721979
0.720342
0.721329
0.723005
0.724252
0.725563
0.725007
0.722302
0.724140
0.725874
0.727337
0.724191
0.720860
0.721749
0.722769
0.720520
0.725448
0.721106
0.728642
0.723688
0.723994
0.723265
0.725796
0.724290
0.728311
0.724023
0.722953
0.722743
0.725033
0.725866
0.725212
0.725447
0.728919
0.723045
0.727450
0.722392
0.721848
0.722810
0.720546
0.719108
0.717809
0.723183
0.721232
0.722601
0.725783
0.721441
0.723121
0.724732
0.723995
0.720057
0.726100
0.724500
0.724612
0.723848
0.720273
0.726798
0.722434
0.720715
0.723808
0.723351
0.728073
0.724510
0.720020
0.721576
0.720123
0.723981
0.725578
0.720347
0.725068
0.721014
0.720312
0.721467
0.724485
0.720171
0.723530
0.727442
0.725851
0.721698
0.723456
0.720648
0.723769
0.728797
0.723856
0.719572
0.725809
0.723727
0.722524
0.724755
0.723744
0.724000
0.718697
0.725046
0.717854
0.723771
0.725770
0.721739
0.723877
0.721932
0.726820
0.725765
0.727390
0.724822
0.723806
0.725380
0.725888
0.720748
0.724236
0.722012
0.724288
0.723062
0.727668
0.723397
0.726064
0.726631
0.726297
0.719396
0.721720
0.716820
0.721793
0.719961
0.726592
0.726090
0.723733
0.724996
0.725778
0.725986
0.719510
0.726038
0.725636
0.725283
0.723622
0.722282
0.721014
0.723599
0.721728
0.726288
0.725637
0.722685
0.722318
0.726976
0.725396
0.720648
0.723741
0.726890
0.722651
0.721829
0.728072
0.724594
0.721469
0.722112
0.721257
0.726022
0.721865
0.715209
0.726731
0.726837
0.722532
0.726139
0.722387
0.723854
0.725702
0.722206
0.727033
0.722099
0.731290
0.726121
0.723613
0.725113
0.718252
0.722619
0.720939
0.721933
0.722834
0.728319
0.728583
0.724343
0.726664
0.724290
0.723818
0.724309
0.721452
0.542874
0.542406
0.543421
0.542032
0.542812
0.543179
0.543233
0.542641
0.542616
0.541911
0.542792
0.543369
0.542852
0.542392
0.542944
0.543650
0.542822
0.542878
0.542822
0.541931
0.542783
0.543552
0.543114
0.542668
0.542923
0.542861
0.542480
0.542912
0.543230
0.542549
0.542633
0.543147
0.543641
0.543906
0.542853
0.543849
0.542697
0.542757
0.542581
0.542876
0.542270
0.542344
0.542956
0.542687
0.543092
0.543593
0.543069
0.542931
0.542518
0.542933
0.543122
0.543129
0.542317
0.542977
0.543219
0.542395
0.542368
0.542982
0.543075
0.542947
0.542760
0.542207
0.542952
0.542621
0.542899
0.542953
0.543389
0.543133
0.543168
0.543020
0.543792
0.542554
0.543288
0.543293
0.543064
0.542717
0.542648
0.543373
0.542217
0.542867
0.543088
0.543332
0.543338
0.543734
0.543217
0.543055
0.542331
0.543476
0.543175
0.542878
0.541989
0.541296
0.543406
0.542311
0.543107
0.543172
0.543137
0.543386
0.544001
0.542241
0.542775
0.543616
0.543446
0.542860
0.542550
0.542370
0.542851
0.543580
0.543213
0.543231
0.542751
0.542420
0.542832
0.542795
0.542352
0.543047
0.542688
0.542920
0.542246
0.543503
0.542423
0.542887
0.542572
0.542111
0.542947
0.542711
0.542531
0.542997
0.542586
0.542184
0.542687
0.543139
0.542741
0.542657
0.542420
0.543297
0.542436
0.542484
0.541722
0.543864
0.543175
0.544017
0.543131
0.542302
0.543040
0.541730
0.542667
0.542908
0.542649
0.542427
0.542837
0.542918
0.543012
0.543607
0.542792
0.542426
0.543039
0.542632
0.542682
0.543708
0.543191
0.543862
0.542130
0.542446
0.542298
0.542649
0.543689
0.542488
0.542949
0.541949
0.543283
0.543412
0.542961
0.544041
0.542162
0.542484
0.542716
0.544085
0.543029
0.543946
0.542882
0.544159
0.541787
0.543218
0.542839
0.542796
0.542636
0.542542
0.542995
0.542965
0.542978
0.543335
0.543280
0.543365
0.542920
0.543475
0.543378
0.542122
0.543159
0.543317
0.668780
0.676982
0.673223
0.671405
0.677472
0.681887
0.674428
0.678346
0.668916
0.671896
0.669114
0.674892
0.675488
0.673330
0.673107
0.670755
0.671253
0.673742
0.673968
0.673230
0.673363
0.677070
0.674553
0.673374
0.674369
0.669953
0.670321
0.671433
0.668889
0.671786
0.672658
0.675989
0.674081
0.669160
0.673389
0.675162
0.670793
0.673283
0.672771
0.674933
0.675167
0.669531
0.672056
0.675269
0.670429
0.672095
0.674912
0.673883
0.671462
0.673285
0.675765
0.678051
0.675322
0.671083
0.666238
0.672858
0.673185
0.672648
0.676401
0.672178
0.675010
0.668913
0.671599
0.673598
0.673445
0.672350
0.671456
0.677915
0.672609
0.674527
0.674302
0.679695
0.671992
0.675065
0.671735
0.671214
0.669058
0.674329
0.669827
0.673285
0.677335
0.674773
0.672876
0.670881
0.675109
0.672508
0.675362
0.672990
0.672507
0.677253
0.674034
0.670911
0.674325
0.679780
0.673711
0.671473
0.677255
0.671699
0.673454
0.674106
0.672842
0.675261
0.678703
0.670617
0.672411
0.677146
0.673964
0.675133
0.671596
0.675066
0.672693
0.675726
0.671575
0.674212
0.673931
0.676871
0.671264
0.675150
0.671120
0.672804
0.676360
0.673605
0.674178
0.672861
0.672915
0.672872
0.671778
0.674479
0.674741
0.671113
0.673347
0.672626
0.674394
0.670192
0.669283
0.674001
0.674373
0.672065
0.674122
0.673102
0.670212
0.672167
0.673859
0.672289
0.669213
0.670234
0.674084
0.674077
0.670563
0.671496
0.674372
0.673863
0.671356
0.673971
0.673758
0.671871
0.673604
0.672925
0.672969
0.671961
0.675873
0.674835
0.673111
0.673854
0.671661
0.673751
0.675717
0.670780
0.675709
0.673333
0.670225
0.673438
0.670869
0.672859
0.674135
0.674913
0.674958
0.673938
0.672974
0.670652
0.670834
0.675441
0.670784
0.671784
0.674622
0.667420
0.673930
0.672119
0.672045
0.673641
0.673561
0.677505
0.672788
0.671685
0.668133
0.671224
0.674601
0.672223
0.675128
0.671105
0.718479
0.720331
0.713561
0.714608
0.719172
0.720967
0.715263
0.719232
0.714741
0.718277
0.719395
0.716171
0.718653
0.715871
0.719101
0.718659
0.716637
0.719092
0.718822
0.716194
0.718910
0.719132
0.720407
0.718913
0.720576
0.717669
0.718586
0.718969
0.716086
0.716422
0.715494
0.715156
0.722637
0.717357
0.717431
0.720739
0.718344
0.717640
0.716421
0.719320
0.717314
0.718055
0.719385
0.719245
0.715561
0.720139
0.716599
0.717994
0.719047
0.718226
0.718493
0.719517
0.718955
0.719788
0.718865
0.715373
0.718804
0.718029
0.720163
0.718271
0.720194
0.718254
0.718306
0.717094
0.719958
0.718240
0.720124
0.721180
0.716127
0.716647
0.720459
0.718803
0.719960
0.718027
0.715420
0.716134
0.716369
0.721932
0.718490
0.721958
0.719655
0.718439
0.721367
0.717119
0.717634
0.717215
0.721153
0.719797
0.720959
0.719250
0.719995
0.718342
0.722234
0.720854
0.717180
0.716265
0.721248
0.718221
0.717921
0.719574
0.717560
0.714585
0.721017
0.716868
0.721900
0.719348
0.719197
0.722218
0.718594
0.719614
0.715967
0.719099
0.719348
0.718181
0.719379
0.720977
0.722125
0.718529
0.716920
0.716290
0.718420
0.720079
0.716492
0.716234
0.717178
0.718351
0.716788
0.722208
0.714198
0.716314
0.719236
0.716310
0.718614
0.715296
0.722569
0.720272
0.718867
0.718379
0.720125
0.720425
0.716771
0.715154
0.719490
0.716036
0.719916
0.718439
0.718875
0.717692
0.716316
0.716800
0.717902
0.721730
0.721450
0.717163
0.720232
0.717850
0.718842
0.717096
0.717737
0.721228
0.719795
0.719688
0.719907
0.723451
0.717798
0.716578
0.722056
0.717171
0.719443
0.721571
0.718530
0.717936
0.719177
0.719144
0.720992
0.713033
0.720832
0.719691
0.716361
0.719279
0.716537
0.720502
0.718690
0.716905
0.718800
0.720167
0.719231
0.720078
0.715998
0.716778
0.721728
0.716828
0.718904
0.718157
0.719235
0.719465
0.715206
0.718575
0.717849
0.716264
0.534598
0.535238
0.534981
0.535649
0.534952
0.534913
0.534958
0.535641
0.535133
0.534591
0.535367
0.535398
0.535069
0.535113
0.535123
0.534823
0.534853
0.535244
0.535215
0.534725
0.534914
0.535207
0.535878
0.534926
0.535355
0.534479
0.534708
0.535119
0.535517
0.535262
0.535046
0.535122
0.534972
0.535248
0.535457
0.535168
0.534834
0.534698
0.535869
0.535069
0.534975
0.535024
0.535107
0.535227
0.534739
0.535388
0.534635
0.535234
0.535535
0.535278
0.535373
0.535210
0.534482
0.534668
0.535014
0.535166
0.535148
0.535022
0.534896
0.535394
0.534489
0.534992
0.534918
0.534520
0.534330
0.535313
0.534568
0.535635
0.534450
0.535130
0.535438
0.534804
0.534596
0.534872
0.535135
0.535639
0.535385
0.535376
0.534435
0.535119
0.534723
0.535300
0.534803
0.535178
0.535512
0.535134
0.534409
0.535223
0.535042
0.535170
0.535291
0.534810
0.534728
0.534751
0.535587
0.535215
0.535194
0.535075
0.535394
0.535081
0.534583
0.535234
0.535480
0.534500
0.535366
0.535253
0.535404
0.535511
0.534649
0.535144
0.535301
0.535257
0.534495
0.535693
0.534866
0.535428
0.534903
0.535427
0.535369
0.535407
0.535785
0.535038
0.535424
0.534861
0.535491
0.535187
0.535041
0.535515
0.535725
0.535239
0.535294
0.534629
0.534933
0.997712
0.534784
0.535484
0.535267
0.535495
0.535442
0.535354
0.534887
0.535102
0.534660
0.534718
0.535215
0.535008
0.535049
0.535773
0.535294
0.535265
0.535269
0.535261
0.535743
0.534804
0.534794
0.534958
0.535459
0.534965
0.535296
0.534956
0.534446
0.535721
0.534787
0.535187
0.534292
0.534991
0.534959
0.535296
0.535010
0.535515
0.535637
0.535109
0.535632
0.534999
0.534371
0.535132
0.534640
0.535789
0.535298
0.534588
0.534487
0.534860
0.534622
0.534802
0.535136
0.536030
0.534992
0.535574
0.535370
0.535094
0.535464
0.534763
0.535439
0.535062
0.534939
0.534436
0.535256
0.534914
0.535653
0.535284
0.670111
0.669407
0.669343
0.673814
0.669497
0.671053
0.666892
0.672394
0.671999
0.673737
0.671569
0.664187
0.670981
0.669906
0.672335
0.668915
0.669827
0.672293
0.669522
0.669828
0.671860
0.669765
0.670523
0.673457
0.670396
0.672387
0.669847
0.671956
0.673016
0.669614
0.667912
0.669705
0.671782
0.671367
0.669166
0.672194
0.668468
0.669132
0.669689
0.669605
0.670395
0.668943
0.670143
0.672804
0.669247
0.667562
0.670377
0.672264
0.669513
0.668425
0.668412
0.669923
0.665112
0.671425
0.671023
0.673634
0.669716
0.673148
0.670207
0.671423
0.673632
0.670736
0.670068
0.671224
0.670793
0.671717
0.670933
0.671577
0.669942
0.668083
0.667321
0.669415
0.667878
0.670571
0.672650
0.671022
0.668006
0.668764
0.670976
0.669567
0.672799
0.671693
0.667945
0.669955
0.666516
0.672409
0.668784
0.667811
0.669705
0.668741
0.669465
0.673848
0.672264
0.671009
0.671387
0.668113
0.668427
0.670549
0.670341
0.670248
0.669784
0.669727
0.669296
0.666234
0.671122
0.668782
0.670273
0.670330
0.669251
0.668956
0.671141
0.670902
0.669909
0.672547
0.671955
0.670027
0.672258
0.672493
0.669744
0.669350
0.669774
0.670742
0.670776
0.665072
0.668556
0.669410
0.667197
0.673432
0.673761
0.671964
0.672902
0.667227
0.666899
0.670383
0.670954
0.669734
0.669391
0.668804
0.672645
0.669427
0.668771
0.669366
0.669471
0.669702
0.670100
0.666799
0.670768
0.671105
0.672352
0.670403
0.670380
0.672055
0.673327
0.670755
0.667755
0.674571
0.670430
0.670681
0.670449
0.669616
0.671273
0.669300
0.671692
0.666130
0.669379
0.673414
0.672531
0.671341
0.670366
0.669205
0.671204
0.673198
0.671497
0.670007
0.669588
0.672711
0.665789
0.670264
0.671604
0.672197
0.671454
0.666908
0.669850
0.669610
0.668928
0.668105
0.672046
0.672168
0.670726
0.671545
0.669237
0.669330
0.674916
0.670803
0.672425
0.671641
0.666885
0.669378
0.669285
0.672266
0.715686
0.715817
0.713570
0.718625
0.716711
0.713538
0.716819
0.712274
0.716422
0.713513
0.714903
0.714978
0.713598
0.719139
0.717741
0.715407
0.714191
0.713204
0.714227
0.713067
0.714209
0.718638
0.712579
0.719140
0.714454
0.714045
0.713452
0.714473
0.714175
0.712507
0.715528
0.717004
0.714961
0.719291
0.714355
0.717689
0.716421
0.716516
0.712711
0.713947
0.715019
0.716061
0.714562
0.716109
0.715525
0.716229
0.713672
0.715581
0.717058
0.713165
0.715400
0.714722
0.713555
0.715651
0.714331
0.715709
0.716191
0.713016
0.715922
0.714579
0.715895
0.716333
0.716437
0.715159
0.718004
0.715420
0.713285
0.718839
0.718611
0.715747
0.715237
0.716980
0.714586
0.716341
0.717274
0.717192
0.713268
0.715182
0.714661
0.713765
0.715160
0.715280
0.715374
0.715017
0.714521
0.713475
0.716352
0.715073
0.715185
0.714896
0.716429
0.713756
0.714271
0.713783
0.717452
0.716776
0.712198
0.717024
0.716585
0.712455
0.717366
0.716199
0.716996
0.715268
0.715631
0.720440
0.715620
0.720035
0.717202
0.717985
0.714329
0.717767
0.713484
0.717274
0.715140
0.714025
0.715536
0.713864
0.713795
0.717067
0.716715
0.715116
0.713623
0.717009
0.716006
0.714813
0.715912
0.714372
0.717140
0.715095
0.716208
0.715343
0.714142
0.713931
0.714306
0.716614
0.711784
0.712297
0.715065
0.718164
0.712299
0.714899
0.718197
0.714818
0.713329
0.713443
0.712225
0.715908
0.713810
0.714250
0.714455
0.715096
0.714023
0.717256
0.709754
0.715199
0.715520
0.717227
0.717392
0.713859
0.715184
0.714999
0.714231
0.713412
0.715138
0.715469
0.717106
0.713590
0.717814
0.715547
0.715898
0.715763
0.717723
0.715170
0.713382
0.716020
0.712798
0.716053
0.712269
0.715477
0.716418
0.715160
0.713447
0.714577
0.718416
0.716606
0.716150
0.712044
0.712069
0.714739
0.717160
0.715368
0.716290
0.716970
0.716470
0.715445
0.716340
0.715584
0.716873
0.715286
