1000.000000 15 20 
e 0 14 276.327320 41.882574 
e 1 11 451.161261 44.672822 
e 2 4 213.600576 31.882415 
e 3 5 301.892025 30.781826 
e 4 2 217.106968 35.900553 
e 5 7 394.483536 43.359610 
e 6 0 396.964324 57.706369 
e 7 1 295.704725 30.141771 
e 8 3 269.683612 32.712559 
e 9 1 291.875005 37.351768 
e 10 2 445.364885 34.483602 
e 11 0 209.692294 30.934877 
e 12 11 356.724614 73.826630 
e 13 10 230.971846 35.213946 
e 14 1 356.884080 58.432243 
e 15 9 205.416479 34.523451 
e 16 11 256.801407 60.301259 
e 17 0 377.415628 65.862274 
e 18 2 211.179359 36.681148 
e 19 5 510.604186 48.060120 
e 0 1 2 3 4 5 6 7 8 9 10 11 12 13 14 
e 1 0 2 3 4 5 6 7 8 9 10 11 12 13 14 
e 2 0 1 3 4 5 6 7 8 9 10 11 12 13 14 
e 3 0 1 2 4 5 6 7 8 9 10 11 12 13 14 
e 4 0 1 2 3 5 6 7 8 9 10 11 12 13 14 
e 5 0 1 2 3 4 6 7 8 9 10 11 12 13 14 
e 6 0 1 2 3 4 5 7 8 9 10 11 12 13 14 
e 7 0 1 2 3 4 5 6 8 9 10 11 12 13 14 
e 8 0 1 2 3 4 5 6 7 9 10 11 12 13 14 
e 9 0 1 2 3 4 5 6 7 8 10 11 12 13 14 
e 10 0 1 2 3 4 5 6 7 8 9 11 12 13 14 
e 11 0 1 2 3 4 5 6 7 8 9 10 12 13 14 
e 12 0 1 2 3 4 5 6 7 8 9 10 11 13 14 
e 13 0 1 2 3 4 5 6 7 8 9 10 11 12 14 
e 14 0 1 2 3 4 5 6 7 8 9 10 11 12 13 
f