0 
0.000000 0.000001
0 
0.000000 0.000002
0 
0.000000 13.105653
0 
0.000000 0.000006
0 
0.000000 0.000010
0 
0.000000 0.000009
0 
0.000000 0.000009
0 
0.000000 0.000009
0 
0.000000 0.000008
0 
0.000000 0.000012
0 
0.000000 0.000007
0 
0.000000 0.000013
0 
0.000000 0.000014
0 
0.000000 0.000009
0 
0.000000 0.000013
0 
0.000000 0.000009
0 
0.000000 0.000018
0 
0.000000 0.000012
0 
0.000000 0.000012
0 
0.000000 0.000018
0 
0.000000 0.000017
0 
0.000000 0.000020
0 
0.000000 0.000115
0 
0.000000 0.000034
0 
0.000000 0.000086
0 
0.000000 0.001908
0 
0.000000 0.004593
0 
0.000000 0.260196
0 
0.000000 0.254635
0 
0.000000 0.254724
0 
0.000000 0.286751
0 
0.000000 0.431662
0 
0.000000 0.000024
0 
0.000000 0.000025
0 
0.000000 0.000024
0 
0.000000 0.000025
0 
0.000000 0.000023
0 
0.000000 0.000022
0 
0.000000 0.000016
0 
0.000000 0.000017
0 
0.000000 0.000015
0 
0.000000 0.000024
0 
0.000000 0.000050
0 
0.000000 0.000046
0 
0.000000 0.000043
0 
0.000000 0.000035
0 
0.000000 1.508560
0 
0.000000 1.277073
0 
0.000000 9.907065
0 
0.000000 0.000284
0 
0.000000 0.002597
0 
0.000000 13.477955
0 
0.000000 0.000010
0 
0.000000 0.000012
0 
0.000000 0.000048
0 
0.000000 0.000061
0 
0.000000 0.000055
0 
0.000000 20.266746
0 
0.000000 0.002550
0 
0.000000 0.000066
0 
0.000000 0.039233
0 
0.000000 0.138258
0 
0.000000 0.442151
0 
0.000000 1.387883
0 
0.000000 1.860832
0 
0.000000 6.333729
0 
0.000000 6.259593
0 
0.000000 20.356993
