1000.000000 15 20 
0 14 276.327320 41.882574 
1 11 451.161261 44.672822 
2 4 213.600576 31.882415 
3 5 301.892025 30.781826 
4 2 217.106968 35.900553 
5 7 394.483536 43.359610 
6 0 396.964324 57.706369 
7 1 295.704725 30.141771 
8 3 269.683612 32.712559 
9 1 291.875005 37.351768 
10 2 445.364885 34.483602 
11 0 209.692294 30.934877 
12 11 356.724614 73.826630 
13 10 230.971846 35.213946 
14 1 356.884080 58.432243 
15 9 205.416479 34.523451 
16 11 256.801407 60.301259 
17 0 377.415628 65.862274 
18 2 211.179359 36.681148 
19 5 510.604186 48.060120 
0 5 6 7 9 10 11 12 
1 2 3 6 7 8 10 14 
2 1 6 9 10 11 12 14 
3 1 5 6 8 10 11 
4 5 6 7 9 12 13 14 
5 0 3 4 9 12 13 
6 0 1 2 3 4 7 8 9 11 12 13 
7 0 1 4 6 11 13 
8 1 3 6 12 13 
9 0 2 4 5 6 10 11 12 
10 0 1 2 3 9 13 14 
11 0 2 3 6 7 9 12 13 14 
12 0 2 4 5 6 8 9 11 13 14 
13 4 5 6 7 8 10 11 12 14 
14 1 2 4 10 11 12 13 
